1 808 0 1416 1080
2 807 0 1415 1080
3 804 0 1412 1080
4 798 0 1406 1080
5 791 0 1399 1080
6 782 0 1390 1080
7 773 0 1381 1080
8 764 0 1372 1080
9 757 0 1365 1080
10 753 0 1361 1080
11 752 0 1360 1080
12 754 0 1362 1080
13 757 0 1365 1080
14 761 0 1369 1080
15 758 0 1366 1080
16 756 0 1364 1080
17 754 0 1362 1080
18 751 0 1359 1080
19 747 0 1355 1080
20 743 0 1351 1080
21 738 0 1346 1080
22 724 0 1332 1080
23 714 0 1322 1080
24 708 0 1316 1080
25 707 0 1315 1080
26 709 0 1317 1080
27 714 0 1322 1080
28 720 0 1328 1080
29 715 0 1323 1080
30 712 0 1320 1080
31 712 0 1320 1080
32 714 0 1322 1080
33 716 0 1324 1080
34 717 0 1325 1080
35 750 0 1358 1080
36 830 0 1438 1080
37 890 0 1498 1080
38 929 0 1537 1080
39 923 0 1531 1080
40 893 0 1501 1080
41 846 0 1454 1080
42 793 0 1401 1080
43 743 0 1351 1080
44 667 0 1275 1080
45 605 0 1213 1080
46 549 0 1157 1080
47 510 0 1118 1080
48 493 0 1101 1080
49 500 0 1108 1080
50 526 0 1134 1080
51 573 0 1181 1080
52 638 0 1246 1080
53 691 0 1299 1080
54 737 0 1345 1080
55 769 0 1377 1080
56 783 0 1391 1080
57 781 0 1389 1080
58 758 0 1366 1080
59 719 0 1327 1080
60 774 0 1382 1080
61 795 0 1403 1080
62 784 0 1392 1080
63 750 0 1358 1080
64 717 0 1325 1080
65 681 0 1289 1080
66 650 0 1258 1080
67 632 0 1240 1080
68 627 0 1235 1080
69 639 0 1247 1080
70 662 0 1270 1080
71 690 0 1298 1080
72 720 0 1328 1080
73 747 0 1355 1080
74 767 0 1375 1080
75 779 0 1387 1080
76 784 0 1392 1080
77 783 0 1391 1080
78 779 0 1387 1080
79 809 0 1417 1080
80 863 0 1471 1080
81 930 0 1538 1080
82 997 0 1605 1080
83 1056 0 1664 1080
84 1099 0 1707 1080
85 1124 0 1732 1080
86 1135 0 1743 1080
87 1133 0 1741 1080
88 1124 0 1732 1080
89 1111 0 1719 1080
90 1098 0 1706 1080
91 1084 0 1692 1080
92 1072 0 1680 1080
93 1062 0 1670 1080
94 1053 0 1661 1080
95 1047 0 1655 1080
96 1042 0 1650 1080
97 1037 0 1645 1080
98 1032 0 1640 1080
99 1028 0 1636 1080
100 1027 0 1635 1080
101 1030 0 1638 1080
102 1038 0 1646 1080
103 1047 0 1655 1080
104 1054 0 1662 1080
105 1058 0 1666 1080
106 1060 0 1668 1080
107 1071 0 1679 1080
108 1096 0 1704 1080
109 1126 0 1734 1080
110 1158 0 1766 1080
111 1186 0 1794 1080
112 1206 0 1814 1080
113 1216 0 1824 1080
114 1217 0 1825 1080
115 1209 0 1817 1080
116 1197 0 1805 1080
117 1186 0 1794 1080
118 1178 0 1786 1080
119 1175 0 1783 1080
120 1181 0 1789 1080
121 1193 0 1801 1080
122 1209 0 1817 1080
123 1225 0 1833 1080
124 1239 0 1847 1080
125 1249 0 1857 1080
126 1255 0 1863 1080
127 1258 0 1866 1080
128 1258 0 1866 1080
129 1257 0 1865 1080
130 1255 0 1863 1080
131 1235 0 1843 1080
132 1201 0 1809 1080
133 1163 0 1771 1080
134 1126 0 1734 1080
135 1098 0 1706 1080
136 1080 0 1688 1080
137 1060 0 1668 1080
138 1039 0 1647 1080
139 1021 0 1629 1080
140 1011 0 1619 1080
141 1007 0 1615 1080
142 1010 0 1618 1080
143 1018 0 1626 1080
144 1031 0 1639 1080
145 1045 0 1653 1080
146 1056 0 1664 1080
147 1062 0 1670 1080
148 1062 0 1670 1080
149 1057 0 1665 1080
150 1048 0 1656 1080
151 1037 0 1645 1080
152 1025 0 1633 1080
153 1012 0 1620 1080
154 1003 0 1611 1080
155 992 0 1600 1080
156 983 0 1591 1080
157 977 0 1585 1080
158 973 0 1581 1080
159 971 0 1579 1080
160 972 0 1580 1080
161 974 0 1582 1080
162 975 0 1583 1080
163 974 0 1582 1080
164 1033 0 1641 1080
165 1057 0 1665 1080
166 1050 0 1658 1080
167 1020 0 1628 1080
168 979 0 1587 1080
169 939 0 1547 1080
170 867 0 1475 1080
171 787 0 1395 1080
172 714 0 1322 1080
173 682 0 1290 1080
174 689 0 1297 1080
175 728 0 1336 1080
176 785 0 1393 1080
177 843 0 1451 1080
178 889 0 1497 1080
179 916 0 1524 1080
180 922 0 1530 1080
181 906 0 1514 1080
182 879 0 1487 1080
183 846 0 1454 1080
184 816 0 1424 1080
185 795 0 1403 1080
186 786 0 1394 1080
187 789 0 1397 1080
188 801 0 1409 1080
189 815 0 1423 1080
190 829 0 1437 1080
191 841 0 1449 1080
192 849 0 1457 1080
193 853 0 1461 1080
194 854 0 1462 1080
195 851 0 1459 1080
196 846 0 1454 1080
197 841 0 1449 1080
198 838 0 1446 1080
199 841 0 1449 1080
200 849 0 1457 1080
201 860 0 1468 1080
202 871 0 1479 1080
203 882 0 1490 1080
204 891 0 1499 1080
205 900 0 1508 1080
206 909 0 1517 1080
207 919 0 1527 1080
208 932 0 1540 1080
209 946 0 1554 1080
210 962 0 1570 1080
211 977 0 1585 1080
212 990 0 1598 1080
213 999 0 1607 1080
214 1005 0 1613 1080
215 1010 0 1618 1080
216 1017 0 1625 1080
217 1026 0 1634 1080
218 1036 0 1644 1080
219 1046 0 1654 1080
220 1055 0 1663 1080
221 1062 0 1670 1080
222 1065 0 1673 1080
223 1061 0 1669 1080
224 1051 0 1659 1080
225 1038 0 1646 1080
226 1026 0 1634 1080
227 1019 0 1627 1080
228 1020 0 1628 1080
229 1027 0 1635 1080
230 1038 0 1646 1080
231 1051 0 1659 1080
232 1062 0 1670 1080
233 1066 0 1674 1080
234 1064 0 1672 1080
235 1057 0 1665 1080
236 1048 0 1656 1080
237 1040 0 1648 1080
238 1032 0 1640 1080
239 1026 0 1634 1080
240 1022 0 1630 1080
241 1021 0 1629 1080
242 1017 0 1625 1080
243 1011 0 1619 1080
244 1001 0 1609 1080
245 991 0 1599 1080
246 982 0 1590 1080
247 977 0 1585 1080
248 977 0 1585 1080
249 980 0 1588 1080
250 984 0 1592 1080
251 989 0 1597 1080
252 992 0 1600 1080
253 991 0 1599 1080
254 988 0 1596 1080
255 985 0 1593 1080
256 983 0 1591 1080
257 982 0 1590 1080
258 982 0 1590 1080
259 983 0 1591 1080
260 983 0 1591 1080
261 981 0 1589 1080
262 976 0 1584 1080
263 969 0 1577 1080
264 960 0 1568 1080
265 952 0 1560 1080
266 947 0 1555 1080
267 945 0 1553 1080
268 946 0 1554 1080
269 949 0 1557 1080
270 952 0 1560 1080
271 953 0 1561 1080
272 948 0 1556 1080
273 938 0 1546 1080
274 923 0 1531 1080
275 907 0 1515 1080
276 896 0 1504 1080
277 891 0 1499 1080
278 895 0 1503 1080
279 905 0 1513 1080
280 920 0 1528 1080
281 937 0 1545 1080
282 951 0 1559 1080
283 960 0 1568 1080
284 965 0 1573 1080
285 966 0 1574 1080
286 966 0 1574 1080
287 965 0 1573 1080
288 966 0 1574 1080
289 969 0 1577 1080
290 973 0 1581 1080
291 979 0 1587 1080
292 985 0 1593 1080
293 991 0 1599 1080
294 997 0 1605 1080
295 1003 0 1611 1080
296 1009 0 1617 1080
297 1014 0 1622 1080
298 1020 0 1628 1080
299 1026 0 1634 1080
300 1031 0 1639 1080
301 1036 0 1644 1080
302 1040 0 1648 1080
303 1043 0 1651 1080
304 1044 0 1652 1080
305 1044 0 1652 1080
306 1044 0 1652 1080
307 1044 0 1652 1080
308 1045 0 1653 1080
309 1045 0 1653 1080
310 1047 0 1655 1080
311 1050 0 1658 1080
312 1053 0 1661 1080
313 1054 0 1662 1080
314 1054 0 1662 1080
315 1051 0 1659 1080
316 1048 0 1656 1080
317 1043 0 1651 1080
318 1038 0 1646 1080
319 1032 0 1640 1080
320 1025 0 1633 1080
321 1015 0 1623 1080
322 1003 0 1611 1080
323 984 0 1592 1080
324 957 0 1565 1080
325 926 0 1534 1080
326 896 0 1504 1080
327 872 0 1480 1080
328 857 0 1465 1080
329 827 0 1435 1080
330 802 0 1410 1080
331 782 0 1390 1080
332 768 0 1376 1080
333 758 0 1366 1080
334 751 0 1359 1080
335 736 0 1344 1080
336 714 0 1322 1080
337 669 0 1277 1080
338 629 0 1237 1080
339 595 0 1203 1080
340 571 0 1179 1080
341 556 0 1164 1080
342 550 0 1158 1080
343 546 0 1154 1080
344 539 0 1147 1080
345 530 0 1138 1080
346 518 0 1126 1080
347 501 0 1109 1080
348 482 0 1090 1080
349 460 0 1068 1080
350 454 0 1062 1080
351 430 0 1038 1080
352 410 0 1018 1080
353 393 0 1001 1080
354 379 0 987 1080
355 373 0 981 1080
356 373 0 981 1080
357 378 0 986 1080
358 386 0 994 1080
359 394 0 1002 1080
360 397 0 1005 1080
361 383 0 991 1080
362 356 0 964 1080
363 329 0 937 1080
364 306 0 914 1080
365 283 0 891 1080
366 262 0 870 1080
367 246 0 854 1080
368 234 0 842 1080
369 228 0 836 1080
370 228 0 836 1080
371 234 0 842 1080
372 240 0 848 1080
373 244 0 852 1080
374 246 0 854 1080
375 245 0 853 1080
376 242 0 850 1080
377 254 0 862 1080
378 279 0 887 1080
379 311 0 919 1080
380 347 0 955 1080
381 381 0 989 1080
382 408 0 1016 1080
383 460 0 1068 1080
384 525 0 1133 1080
385 587 0 1195 1080
386 634 0 1242 1080
387 661 0 1269 1080
388 680 0 1288 1080
389 698 0 1306 1080
390 730 0 1338 1080
391 776 0 1384 1080
392 831 0 1439 1080
393 892 0 1500 1080
394 952 0 1560 1080
395 1005 0 1613 1080
396 1044 0 1652 1080
397 1065 0 1673 1080
398 1081 0 1689 1080
399 1090 0 1698 1080
400 1092 0 1700 1080
401 1089 0 1697 1080
402 1082 0 1690 1080
403 1074 0 1682 1080
404 1066 0 1674 1080
405 1059 0 1667 1080
406 1054 0 1662 1080
407 1052 0 1660 1080
408 1051 0 1659 1080
409 1050 0 1658 1080
410 1048 0 1656 1080
411 1045 0 1653 1080
412 1040 0 1648 1080
413 1033 0 1641 1080
414 1023 0 1631 1080
415 1010 0 1618 1080
416 990 0 1598 1080
417 965 0 1573 1080
418 936 0 1544 1080
419 909 0 1517 1080
420 886 0 1494 1080
421 867 0 1475 1080
422 847 0 1455 1080
423 826 0 1434 1080
424 803 0 1411 1080
425 779 0 1387 1080
426 758 0 1366 1080
427 741 0 1349 1080
428 726 0 1334 1080
429 713 0 1321 1080
430 703 0 1311 1080
431 680 0 1288 1080
432 643 0 1251 1080
433 609 0 1217 1080
434 580 0 1188 1080
435 544 0 1152 1080
436 506 0 1114 1080
437 473 0 1081 1080
438 463 0 1071 1080
439 460 0 1068 1080
440 447 0 1055 1080
441 430 0 1038 1080
442 409 0 1017 1080
443 388 0 996 1080
444 371 0 979 1080
445 359 0 967 1080
446 351 0 959 1080
447 347 0 955 1080
448 344 0 952 1080
449 336 0 944 1080
450 325 0 933 1080
451 313 0 921 1080
452 302 0 910 1080
453 292 0 900 1080
454 281 0 889 1080
455 270 0 878 1080
456 258 0 866 1080
457 246 0 854 1080
458 235 0 843 1080
459 225 0 833 1080
460 216 0 824 1080
461 208 0 816 1080
462 199 0 807 1080
463 190 0 798 1080
464 180 0 788 1080
465 169 0 777 1080
466 159 0 767 1080
467 151 0 759 1080
468 144 0 752 1080
469 135 0 743 1080
470 125 0 733 1080
471 113 0 721 1080
472 102 0 710 1080
473 92 0 700 1080
474 85 0 693 1080
475 103 0 711 1080
476 137 0 745 1080
477 174 0 782 1080
478 204 0 812 1080
479 221 0 829 1080
480 221 0 829 1080
481 195 0 803 1080
482 152 0 760 1080
483 104 0 712 1080
484 61 0 669 1080
485 31 0 639 1080
486 17 0 625 1080
487 19 0 627 1080
488 34 0 642 1080
489 55 0 663 1080
490 78 0 686 1080
491 99 0 707 1080
492 112 0 720 1080
493 119 0 727 1080
494 124 0 732 1080
495 128 0 736 1080
496 131 0 739 1080
497 136 0 744 1080
498 141 0 749 1080
499 150 0 758 1080
500 161 0 769 1080
501 176 0 784 1080
502 191 0 799 1080
503 208 0 816 1080
504 220 0 828 1080
505 224 0 832 1080
506 221 0 829 1080
507 213 0 821 1080
508 203 0 811 1080
509 197 0 805 1080
510 198 0 806 1080
511 207 0 815 1080
512 218 0 826 1080
513 229 0 837 1080
514 237 0 845 1080
515 244 0 852 1080
516 254 0 862 1080
517 270 0 878 1080
518 292 0 900 1080
519 312 0 920 1080
520 328 0 936 1080
521 338 0 946 1080
522 344 0 952 1080
523 347 0 955 1080
524 348 0 956 1080
525 349 0 957 1080
526 351 0 959 1080
527 350 0 958 1080
528 347 0 955 1080
529 359 0 967 1080
530 360 0 968 1080
531 355 0 963 1080
532 347 0 955 1080
533 341 0 949 1080
534 343 0 951 1080
535 348 0 956 1080
536 354 0 962 1080
537 360 0 968 1080
538 365 0 973 1080
539 369 0 977 1080
540 374 0 982 1080
541 381 0 989 1080
542 392 0 1000 1080
543 400 0 1008 1080
544 404 0 1012 1080
545 421 0 1029 1080
546 501 0 1109 1080
547 541 0 1149 1080
548 543 0 1151 1080
549 523 0 1131 1080
550 523 0 1131 1080
551 538 0 1146 1080
552 563 0 1171 1080
553 594 0 1202 1080
554 584 0 1192 1080
555 542 0 1150 1080
556 483 0 1091 1080
557 424 0 1032 1080
558 375 0 983 1080
559 346 0 954 1080
560 340 0 948 1080
561 355 0 963 1080
562 385 0 993 1080
563 419 0 1027 1080
564 452 0 1060 1080
565 479 0 1087 1080
566 497 0 1105 1080
567 506 0 1114 1080
568 504 0 1112 1080
569 493 0 1101 1080
570 475 0 1083 1080
571 454 0 1062 1080
572 434 0 1042 1080
573 423 0 1031 1080
574 420 0 1028 1080
575 426 0 1034 1080
576 438 0 1046 1080
577 452 0 1060 1080
578 464 0 1072 1080
579 472 0 1080 1080
580 474 0 1082 1080
581 468 0 1076 1080
582 456 0 1064 1080
583 439 0 1047 1080
584 415 0 1023 1080
585 387 0 995 1080
586 356 0 964 1080
587 290 0 898 1080
588 210 0 818 1080
589 136 0 744 1080
590 85 0 693 1080
591 67 0 675 1080
592 79 0 687 1080
593 112 0 720 1080
594 109 0 717 1080
595 78 0 686 1080
596 33 0 641 1080
597 0 0 608 1080
598 0 0 608 1080
599 0 0 608 1080
600 0 0 608 1080
601 45 0 653 1080
602 125 0 733 1080
603 204 0 812 1080
604 263 0 871 1080
605 298 0 906 1080
606 314 0 922 1080
607 315 0 923 1080
608 310 0 918 1080
609 305 0 913 1080
610 304 0 912 1080
611 308 0 916 1080
612 315 0 923 1080
613 348 0 956 1080
614 394 0 1002 1080
615 442 0 1050 1080
616 482 0 1090 1080
617 509 0 1117 1080
618 521 0 1129 1080
619 519 0 1127 1080
620 506 0 1114 1080
621 487 0 1095 1080
622 469 0 1077 1080
623 485 0 1093 1080
624 526 0 1134 1080
625 583 0 1191 1080
626 641 0 1249 1080
627 691 0 1299 1080
628 727 0 1335 1080
629 747 0 1355 1080
630 753 0 1361 1080
631 746 0 1354 1080
632 732 0 1340 1080
633 716 0 1324 1080
634 697 0 1305 1080
635 683 0 1291 1080
636 682 0 1290 1080
637 692 0 1300 1080
638 713 0 1321 1080
639 741 0 1349 1080
640 772 0 1380 1080
641 802 0 1410 1080
642 824 0 1432 1080
643 837 0 1445 1080
644 841 0 1449 1080
645 837 0 1445 1080
646 828 0 1436 1080
647 818 0 1426 1080
648 807 0 1415 1080
649 798 0 1406 1080
650 795 0 1403 1080
651 796 0 1404 1080
652 798 0 1406 1080
653 798 0 1406 1080
654 794 0 1402 1080
655 784 0 1392 1080
656 769 0 1377 1080
657 762 0 1370 1080
658 762 0 1370 1080
659 767 0 1375 1080
660 777 0 1385 1080
661 791 0 1399 1080
662 807 0 1415 1080
663 821 0 1429 1080
664 830 0 1438 1080
665 835 0 1443 1080
666 834 0 1442 1080
667 830 0 1438 1080
668 823 0 1431 1080
669 817 0 1425 1080
670 816 0 1424 1080
671 816 0 1424 1080
672 824 0 1432 1080
673 854 0 1462 1080
674 880 0 1488 1080
675 896 0 1504 1080
676 902 0 1510 1080
677 910 0 1518 1080
678 927 0 1535 1080
679 949 0 1557 1080
680 962 0 1570 1080
681 973 0 1581 1080
682 983 0 1591 1080
683 991 0 1599 1080
684 997 0 1605 1080
685 1003 0 1611 1080
686 1010 0 1618 1080
687 1019 0 1627 1080
688 1032 0 1640 1080
689 1048 0 1656 1080
690 1066 0 1674 1080
691 1085 0 1693 1080
692 1102 0 1710 1080
693 1117 0 1725 1080
694 1127 0 1735 1080
695 1134 0 1742 1080
696 1139 0 1747 1080
697 1142 0 1750 1080
698 1144 0 1752 1080
699 1147 0 1755 1080
700 1151 0 1759 1080
701 1157 0 1765 1080
702 1164 0 1772 1080
703 1174 0 1782 1080
704 1187 0 1795 1080
705 1202 0 1810 1080
706 1218 0 1826 1080
707 1223 0 1831 1080
708 1245 0 1853 1080
709 1263 0 1871 1080
710 1294 0 1902 1080
711 1312 0 1920 1080
712 1312 0 1920 1080
713 1312 0 1920 1080
714 1312 0 1920 1080
715 1312 0 1920 1080
716 1312 0 1920 1080
717 1312 0 1920 1080
718 1312 0 1920 1080
719 1312 0 1920 1080
720 1312 0 1920 1080
721 1312 0 1920 1080
722 1312 0 1920 1080
723 1312 0 1920 1080
724 1312 0 1920 1080
725 1312 0 1920 1080
726 1312 0 1920 1080
727 1312 0 1920 1080
728 1312 0 1920 1080
729 1312 0 1920 1080
730 1312 0 1920 1080
731 1312 0 1920 1080
732 1312 0 1920 1080
733 1312 0 1920 1080
734 1312 0 1920 1080
735 1312 0 1920 1080
736 1312 0 1920 1080
737 1312 0 1920 1080
738 1312 0 1920 1080
739 1312 0 1920 1080
740 1312 0 1920 1080
741 1312 0 1920 1080
742 1312 0 1920 1080
743 1312 0 1920 1080
744 1312 0 1920 1080
745 1312 0 1920 1080
746 1312 0 1920 1080
747 1312 0 1920 1080
748 1312 0 1920 1080
749 1312 0 1920 1080
750 1312 0 1920 1080
751 1312 0 1920 1080
752 1312 0 1920 1080
753 1312 0 1920 1080
754 1312 0 1920 1080
755 1312 0 1920 1080
756 1312 0 1920 1080
757 1312 0 1920 1080
758 1312 0 1920 1080
759 1312 0 1920 1080
760 1312 0 1920 1080
761 1312 0 1920 1080
762 1312 0 1920 1080
763 1312 0 1920 1080
764 1312 0 1920 1080
765 1312 0 1920 1080
766 1312 0 1920 1080
767 1312 0 1920 1080
768 1312 0 1920 1080
769 1312 0 1920 1080
770 1312 0 1920 1080
771 1312 0 1920 1080
772 1307 0 1915 1080
773 1302 0 1910 1080
774 1301 0 1909 1080
775 1303 0 1911 1080
776 1307 0 1915 1080
777 1311 0 1919 1080
778 1312 0 1920 1080
779 1312 0 1920 1080
780 1312 0 1920 1080
781 1312 0 1920 1080
782 1306 0 1914 1080
783 1297 0 1905 1080
784 1288 0 1896 1080
785 1279 0 1887 1080
786 1272 0 1880 1080
787 1268 0 1876 1080
788 1265 0 1873 1080
789 1262 0 1870 1080
790 1259 0 1867 1080
791 1256 0 1864 1080
792 1251 0 1859 1080
793 1247 0 1855 1080
794 1243 0 1851 1080
795 1239 0 1847 1080
796 1237 0 1845 1080
797 1236 0 1844 1080
798 1236 0 1844 1080
799 1237 0 1845 1080
800 1240 0 1848 1080
801 1243 0 1851 1080
802 1247 0 1855 1080
803 1250 0 1858 1080
804 1251 0 1859 1080
805 1250 0 1858 1080
806 1248 0 1856 1080
807 1243 0 1851 1080
808 1238 0 1846 1080
809 1233 0 1841 1080
810 1231 0 1839 1080
811 1232 0 1840 1080
812 1243 0 1851 1080
813 1252 0 1860 1080
814 1259 0 1867 1080
815 1261 0 1869 1080
816 1259 0 1867 1080
817 1254 0 1862 1080
818 1245 0 1853 1080
819 1235 0 1843 1080
820 1217 0 1825 1080
821 1209 0 1817 1080
822 1199 0 1807 1080
823 1193 0 1801 1080
824 1191 0 1799 1080
825 1192 0 1800 1080
826 1193 0 1801 1080
827 1196 0 1804 1080
828 1201 0 1809 1080
829 1208 0 1816 1080
830 1216 0 1824 1080
831 1225 0 1833 1080
832 1234 0 1842 1080
833 1242 0 1850 1080
834 1250 0 1858 1080
835 1256 0 1864 1080
836 1260 0 1868 1080
837 1263 0 1871 1080
838 1265 0 1873 1080
839 1283 0 1891 1080
840 1309 0 1917 1080
841 1312 0 1920 1080
842 1312 0 1920 1080
843 1312 0 1920 1080
844 1312 0 1920 1080
845 1312 0 1920 1080
846 1312 0 1920 1080
847 1312 0 1920 1080
848 1312 0 1920 1080
849 1312 0 1920 1080
850 1312 0 1920 1080
851 1312 0 1920 1080
852 1312 0 1920 1080
853 1312 0 1920 1080
854 1312 0 1920 1080
855 1312 0 1920 1080
856 1312 0 1920 1080
857 1312 0 1920 1080
858 1312 0 1920 1080
859 1307 0 1915 1080
860 1292 0 1900 1080
861 1285 0 1893 1080
862 1285 0 1893 1080
863 1288 0 1896 1080
864 1292 0 1900 1080
865 1298 0 1906 1080
866 1303 0 1911 1080
867 1267 0 1875 1080
868 1202 0 1810 1080
869 1125 0 1733 1080
870 1052 0 1660 1080
871 995 0 1603 1080
872 970 0 1578 1080
873 974 0 1582 1080
874 1000 0 1608 1080
875 1037 0 1645 1080
876 1075 0 1683 1080
877 1105 0 1713 1080
878 1169 0 1777 1080
879 1245 0 1853 1080
880 1269 0 1877 1080
881 1245 0 1853 1080
882 1187 0 1795 1080
883 1113 0 1721 1080
884 1038 0 1646 1080
885 978 0 1586 1080
886 940 0 1548 1080
887 926 0 1534 1080
888 926 0 1534 1080
889 938 0 1546 1080
890 960 0 1568 1080
891 993 0 1601 1080
892 1027 0 1635 1080
893 1056 0 1664 1080
894 1073 0 1681 1080
895 1082 0 1690 1080
896 1078 0 1686 1080
897 1073 0 1681 1080
898 1068 0 1676 1080
899 1064 0 1672 1080
900 1062 0 1670 1080
901 1071 0 1679 1080
902 1090 0 1698 1080
903 1115 0 1723 1080
904 1154 0 1762 1080
905 1185 0 1793 1080
906 1204 0 1812 1080
907 1217 0 1825 1080
908 1216 0 1824 1080
909 1204 0 1812 1080
910 1186 0 1794 1080
911 1167 0 1775 1080
912 1150 0 1758 1080
913 1140 0 1748 1080
914 1136 0 1744 1080
915 1139 0 1747 1080
916 1146 0 1754 1080
917 1156 0 1764 1080
918 1155 0 1763 1080
919 1158 0 1766 1080
920 1166 0 1774 1080
921 1177 0 1785 1080
922 1187 0 1795 1080
923 1196 0 1804 1080
924 1204 0 1812 1080
925 1208 0 1816 1080
926 1206 0 1814 1080
927 1195 0 1803 1080
928 1172 0 1780 1080
929 1145 0 1753 1080
930 1118 0 1726 1080
931 1094 0 1702 1080
932 1076 0 1684 1080
933 1063 0 1671 1080
934 1056 0 1664 1080
935 1087 0 1695 1080
936 1107 0 1715 1080
937 1114 0 1722 1080
938 1108 0 1716 1080
939 1037 0 1645 1080
940 957 0 1565 1080
941 877 0 1485 1080
942 797 0 1405 1080
943 717 0 1325 1080
944 639 0 1247 1080
945 574 0 1182 1080
946 526 0 1134 1080
947 496 0 1104 1080
948 482 0 1090 1080
949 562 0 1170 1080
950 612 0 1220 1080
951 623 0 1231 1080
952 596 0 1204 1080
953 538 0 1146 1080
954 461 0 1069 1080
955 381 0 989 1080
956 461 0 1069 1080
957 495 0 1103 1080
958 481 0 1089 1080
959 425 0 1033 1080
960 345 0 953 1080
961 265 0 873 1080
962 191 0 799 1080
963 148 0 756 1080
964 139 0 747 1080
965 149 0 757 1080
966 177 0 785 1080
967 220 0 828 1080
968 276 0 884 1080
969 338 0 946 1080
970 395 0 1003 1080
971 468 0 1076 1080
972 544 0 1152 1080
973 609 0 1217 1080
974 653 0 1261 1080
975 673 0 1281 1080
976 669 0 1277 1080
977 652 0 1260 1080
978 630 0 1238 1080
979 610 0 1218 1080
980 599 0 1207 1080
981 582 0 1190 1080
982 578 0 1186 1080
983 599 0 1207 1080
984 595 0 1203 1080
985 610 0 1218 1080
986 636 0 1244 1080
987 665 0 1273 1080
988 705 0 1313 1080
989 748 0 1356 1080
990 790 0 1398 1080
991 825 0 1433 1080
992 852 0 1460 1080
993 870 0 1478 1080
994 880 0 1488 1080
995 883 0 1491 1080
996 884 0 1492 1080
997 884 0 1492 1080
998 882 0 1490 1080
999 962 0 1570 1080
1000 1014 0 1622 1080
1001 1036 0 1644 1080
1002 1034 0 1642 1080
1003 1014 0 1622 1080
1004 984 0 1592 1080
1005 958 0 1566 1080
1006 943 0 1551 1080
1007 938 0 1546 1080
1008 952 0 1560 1080
1009 977 0 1585 1080
1010 1013 0 1621 1080
1011 1051 0 1659 1080
1012 1104 0 1712 1080
1013 1149 0 1757 1080
1014 1200 0 1808 1080
1015 1249 0 1857 1080
1016 1293 0 1901 1080
1017 1312 0 1920 1080
1018 1312 0 1920 1080
1019 1312 0 1920 1080
1020 1312 0 1920 1080
1021 1312 0 1920 1080
1022 1312 0 1920 1080
1023 1312 0 1920 1080
1024 1312 0 1920 1080
1025 1312 0 1920 1080
1026 1312 0 1920 1080
1027 1312 0 1920 1080
1028 1312 0 1920 1080
1029 1312 0 1920 1080
1030 1312 0 1920 1080
1031 1312 0 1920 1080
1032 1312 0 1920 1080
1033 1309 0 1917 1080
1034 1229 0 1837 1080
1035 1158 0 1766 1080
1036 1115 0 1723 1080
1037 1101 0 1709 1080
1038 1115 0 1723 1080
1039 1144 0 1752 1080
1040 1224 0 1832 1080
1041 1304 0 1912 1080
1042 1312 0 1920 1080
1043 1312 0 1920 1080
1044 1312 0 1920 1080
1045 1312 0 1920 1080
1046 1312 0 1920 1080
1047 1312 0 1920 1080
1048 1312 0 1920 1080
1049 1312 0 1920 1080
1050 1312 0 1920 1080
1051 1312 0 1920 1080
1052 1312 0 1920 1080
1053 1312 0 1920 1080
1054 1312 0 1920 1080
1055 1312 0 1920 1080
1056 1312 0 1920 1080
1057 1312 0 1920 1080
1058 1312 0 1920 1080
1059 1312 0 1920 1080
1060 1312 0 1920 1080
1061 1312 0 1920 1080
1062 1312 0 1920 1080
1063 1312 0 1920 1080
1064 1312 0 1920 1080
1065 1312 0 1920 1080
1066 1312 0 1920 1080
1067 1312 0 1920 1080
1068 1312 0 1920 1080
1069 1312 0 1920 1080
1070 1312 0 1920 1080
1071 1312 0 1920 1080
1072 1291 0 1899 1080
1073 1212 0 1820 1080
1074 1149 0 1757 1080
1075 1112 0 1720 1080
1076 1103 0 1711 1080
1077 1120 0 1728 1080
1078 1156 0 1764 1080
1079 1201 0 1809 1080
1080 1243 0 1851 1080
1081 1275 0 1883 1080
1082 1293 0 1901 1080
1083 1298 0 1906 1080
1084 1291 0 1899 1080
1085 1276 0 1884 1080
1086 1258 0 1866 1080
1087 1241 0 1849 1080
1088 1227 0 1835 1080
1089 1218 0 1826 1080
1090 1216 0 1824 1080
1091 1219 0 1827 1080
1092 1226 0 1834 1080
1093 1234 0 1842 1080
1094 1242 0 1850 1080
1095 1248 0 1856 1080
1096 1251 0 1859 1080
1097 1250 0 1858 1080
1098 1247 0 1855 1080
1099 1241 0 1849 1080
1100 1234 0 1842 1080
1101 1225 0 1833 1080
1102 1218 0 1826 1080
1103 1213 0 1821 1080
1104 1211 0 1819 1080
1105 1268 0 1876 1080
1106 1312 0 1920 1080
1107 1312 0 1920 1080
1108 1312 0 1920 1080
1109 1312 0 1920 1080
1110 1312 0 1920 1080
1111 1312 0 1920 1080
1112 1312 0 1920 1080
1113 1312 0 1920 1080
1114 1312 0 1920 1080
1115 1312 0 1920 1080
1116 1312 0 1920 1080
1117 1312 0 1920 1080
1118 1312 0 1920 1080
1119 1312 0 1920 1080
1120 1312 0 1920 1080
1121 1312 0 1920 1080
1122 1312 0 1920 1080
1123 1312 0 1920 1080
1124 1312 0 1920 1080
1125 1312 0 1920 1080
1126 1312 0 1920 1080
1127 1312 0 1920 1080
1128 1312 0 1920 1080
1129 1312 0 1920 1080
1130 1312 0 1920 1080
1131 1312 0 1920 1080
1132 1312 0 1920 1080
1133 1312 0 1920 1080
1134 1312 0 1920 1080
1135 1312 0 1920 1080
1136 1312 0 1920 1080
1137 1312 0 1920 1080
1138 1312 0 1920 1080
1139 1312 0 1920 1080
1140 1312 0 1920 1080
1141 1312 0 1920 1080
1142 1312 0 1920 1080
1143 1312 0 1920 1080
1144 1312 0 1920 1080
1145 1312 0 1920 1080
1146 1312 0 1920 1080
1147 1312 0 1920 1080
1148 1312 0 1920 1080
1149 1312 0 1920 1080
1150 1312 0 1920 1080
1151 1312 0 1920 1080
1152 1312 0 1920 1080
1153 1312 0 1920 1080
1154 1312 0 1920 1080
1155 1312 0 1920 1080
1156 1312 0 1920 1080
1157 1312 0 1920 1080
1158 1312 0 1920 1080
1159 1312 0 1920 1080
1160 1312 0 1920 1080
1161 1312 0 1920 1080
1162 1312 0 1920 1080
1163 1312 0 1920 1080
1164 1312 0 1920 1080
1165 1312 0 1920 1080
1166 1312 0 1920 1080
1167 1312 0 1920 1080
1168 1312 0 1920 1080
1169 1312 0 1920 1080
1170 1312 0 1920 1080
1171 1312 0 1920 1080
1172 1312 0 1920 1080
1173 1312 0 1920 1080
1174 1312 0 1920 1080
1175 1312 0 1920 1080
1176 1312 0 1920 1080
1177 1312 0 1920 1080
1178 1312 0 1920 1080
1179 1312 0 1920 1080
1180 1312 0 1920 1080
1181 1312 0 1920 1080
1182 1312 0 1920 1080
1183 1312 0 1920 1080
1184 1312 0 1920 1080
1185 1312 0 1920 1080
1186 1312 0 1920 1080
1187 1312 0 1920 1080
1188 1312 0 1920 1080
1189 1312 0 1920 1080
1190 1312 0 1920 1080
1191 1312 0 1920 1080
1192 1312 0 1920 1080
1193 1312 0 1920 1080
1194 1312 0 1920 1080
1195 1312 0 1920 1080
1196 1312 0 1920 1080
1197 1312 0 1920 1080
1198 1312 0 1920 1080
1199 1312 0 1920 1080
1200 1312 0 1920 1080
1201 1312 0 1920 1080
1202 1312 0 1920 1080
1203 1312 0 1920 1080
1204 1312 0 1920 1080
1205 1312 0 1920 1080
1206 1312 0 1920 1080
1207 1312 0 1920 1080
1208 1312 0 1920 1080
1209 1312 0 1920 1080
1210 1312 0 1920 1080
1211 1312 0 1920 1080
1212 1312 0 1920 1080
1213 1312 0 1920 1080
1214 1312 0 1920 1080
1215 1312 0 1920 1080
1216 1312 0 1920 1080
1217 1312 0 1920 1080
1218 1312 0 1920 1080
1219 1312 0 1920 1080
1220 1312 0 1920 1080
1221 1312 0 1920 1080
1222 1312 0 1920 1080
1223 1312 0 1920 1080
1224 1312 0 1920 1080
1225 1312 0 1920 1080
1226 1312 0 1920 1080
1227 1312 0 1920 1080
1228 1312 0 1920 1080
1229 1296 0 1904 1080
1230 1216 0 1824 1080
1231 1136 0 1744 1080
1232 1056 0 1664 1080
1233 1050 0 1658 1080
1234 1130 0 1738 1080
1235 1210 0 1818 1080
1236 1290 0 1898 1080
1237 1312 0 1920 1080
1238 1312 0 1920 1080
1239 1312 0 1920 1080
1240 1312 0 1920 1080
1241 1312 0 1920 1080
1242 1312 0 1920 1080
1243 1312 0 1920 1080
1244 1312 0 1920 1080
1245 1312 0 1920 1080
1246 1312 0 1920 1080
1247 1312 0 1920 1080
1248 1312 0 1920 1080
1249 1312 0 1920 1080
1250 1312 0 1920 1080
1251 1312 0 1920 1080
1252 1312 0 1920 1080
1253 1312 0 1920 1080
1254 1312 0 1920 1080
1255 1312 0 1920 1080
1256 1312 0 1920 1080
1257 1312 0 1920 1080
1258 1312 0 1920 1080
1259 1312 0 1920 1080
1260 1312 0 1920 1080
1261 1312 0 1920 1080
1262 1312 0 1920 1080
1263 1312 0 1920 1080
1264 1312 0 1920 1080
1265 1312 0 1920 1080
1266 1312 0 1920 1080
1267 1312 0 1920 1080
1268 1312 0 1920 1080
1269 1312 0 1920 1080
1270 1312 0 1920 1080
1271 1312 0 1920 1080
1272 1312 0 1920 1080
1273 1312 0 1920 1080
1274 1312 0 1920 1080
1275 1312 0 1920 1080
1276 1312 0 1920 1080
1277 1312 0 1920 1080
1278 1312 0 1920 1080
1279 1312 0 1920 1080
1280 1312 0 1920 1080
1281 1312 0 1920 1080
1282 1312 0 1920 1080
1283 1312 0 1920 1080
1284 1312 0 1920 1080
1285 1312 0 1920 1080
1286 1312 0 1920 1080
1287 1312 0 1920 1080
1288 1312 0 1920 1080
1289 1312 0 1920 1080
1290 1312 0 1920 1080
1291 1312 0 1920 1080
1292 1312 0 1920 1080
1293 1312 0 1920 1080
1294 1312 0 1920 1080
1295 1312 0 1920 1080
1296 1312 0 1920 1080
1297 1312 0 1920 1080
1298 1312 0 1920 1080
1299 1312 0 1920 1080
1300 1312 0 1920 1080
1301 1312 0 1920 1080
1302 1312 0 1920 1080
1303 1312 0 1920 1080
1304 1312 0 1920 1080
1305 1312 0 1920 1080
1306 1312 0 1920 1080
1307 1312 0 1920 1080
1308 1312 0 1920 1080
1309 1312 0 1920 1080
1310 1312 0 1920 1080
1311 1312 0 1920 1080
1312 1312 0 1920 1080
1313 1312 0 1920 1080
1314 1312 0 1920 1080
1315 1312 0 1920 1080
1316 1312 0 1920 1080
1317 1312 0 1920 1080
1318 1312 0 1920 1080
1319 1312 0 1920 1080
1320 1312 0 1920 1080
1321 1312 0 1920 1080
1322 1308 0 1916 1080
1323 1295 0 1903 1080
1324 1284 0 1892 1080
1325 1280 0 1888 1080
1326 1281 0 1889 1080
1327 1288 0 1896 1080
1328 1298 0 1906 1080
1329 1307 0 1915 1080
1330 1312 0 1920 1080
1331 1312 0 1920 1080
1332 1312 0 1920 1080
1333 1312 0 1920 1080
1334 1312 0 1920 1080
1335 1312 0 1920 1080
1336 1312 0 1920 1080
1337 1312 0 1920 1080
1338 1312 0 1920 1080
1339 1312 0 1920 1080
1340 1312 0 1920 1080
1341 1312 0 1920 1080
1342 1312 0 1920 1080
1343 1312 0 1920 1080
1344 1312 0 1920 1080
1345 1312 0 1920 1080
1346 1312 0 1920 1080
1347 1312 0 1920 1080
1348 1312 0 1920 1080
1349 1312 0 1920 1080
1350 1312 0 1920 1080
1351 1312 0 1920 1080
1352 1312 0 1920 1080
1353 1312 0 1920 1080
1354 1312 0 1920 1080
1355 1312 0 1920 1080
1356 1312 0 1920 1080
1357 1312 0 1920 1080
1358 1312 0 1920 1080
1359 1312 0 1920 1080
1360 1312 0 1920 1080
1361 1312 0 1920 1080
1362 1312 0 1920 1080
1363 1312 0 1920 1080
1364 1312 0 1920 1080
1365 1312 0 1920 1080
1366 1312 0 1920 1080
1367 1312 0 1920 1080
1368 1312 0 1920 1080
1369 1312 0 1920 1080
1370 1312 0 1920 1080
1371 1312 0 1920 1080
1372 1312 0 1920 1080
1373 1312 0 1920 1080
1374 1312 0 1920 1080
1375 1312 0 1920 1080
1376 1312 0 1920 1080
1377 1312 0 1920 1080
1378 1312 0 1920 1080
1379 1312 0 1920 1080
1380 1306 0 1914 1080
1381 1296 0 1904 1080
1382 1287 0 1895 1080
1383 1279 0 1887 1080
1384 1271 0 1879 1080
1385 1261 0 1869 1080
1386 1250 0 1858 1080
1387 1235 0 1843 1080
1388 1217 0 1825 1080
1389 1199 0 1807 1080
1390 1184 0 1792 1080
1391 1173 0 1781 1080
1392 1102 0 1710 1080
1393 1022 0 1630 1080
1394 942 0 1550 1080
1395 862 0 1470 1080
1396 799 0 1407 1080
1397 756 0 1364 1080
1398 737 0 1345 1080
1399 740 0 1348 1080
1400 720 0 1328 1080
1401 684 0 1292 1080
1402 643 0 1251 1080
1403 606 0 1214 1080
1404 584 0 1192 1080
1405 578 0 1186 1080
1406 590 0 1198 1080
1407 615 0 1223 1080
1408 648 0 1256 1080
1409 682 0 1290 1080
1410 713 0 1321 1080
1411 736 0 1344 1080
1412 750 0 1358 1080
1413 756 0 1364 1080
1414 755 0 1363 1080
1415 752 0 1360 1080
1416 747 0 1355 1080
1417 746 0 1354 1080
1418 750 0 1358 1080
1419 759 0 1367 1080
1420 773 0 1381 1080
1421 790 0 1398 1080
1422 806 0 1414 1080
1423 821 0 1429 1080
1424 831 0 1439 1080
1425 836 0 1444 1080
1426 837 0 1445 1080
1427 835 0 1443 1080
1428 831 0 1439 1080
1429 814 0 1422 1080
1430 734 0 1342 1080
1431 676 0 1284 1080
1432 648 0 1256 1080
1433 650 0 1258 1080
1434 675 0 1283 1080
1435 716 0 1324 1080
1436 760 0 1368 1080
1437 694 0 1302 1080
1438 659 0 1267 1080
1439 655 0 1263 1080
1440 679 0 1287 1080
1441 720 0 1328 1080
1442 767 0 1375 1080
1443 810 0 1418 1080
1444 735 0 1343 1080
1445 655 0 1263 1080
1446 575 0 1183 1080
1447 495 0 1103 1080
1448 415 0 1023 1080
1449 335 0 943 1080
1450 258 0 866 1080
1451 200 0 808 1080
1452 168 0 776 1080
1453 164 0 772 1080
1454 182 0 790 1080
1455 262 0 870 1080
1456 329 0 937 1080
1457 370 0 978 1080
1458 384 0 992 1080
1459 372 0 980 1080
1460 343 0 951 1080
1461 273 0 881 1080
1462 193 0 801 1080
1463 113 0 721 1080
1464 33 0 641 1080
1465 0 0 608 1080
1466 0 0 608 1080
1467 0 0 608 1080
1468 0 0 608 1080
1469 0 0 608 1080
1470 0 0 608 1080
1471 0 0 608 1080
1472 0 0 608 1080
1473 0 0 608 1080
1474 57 0 665 1080
1475 137 0 745 1080
1476 217 0 825 1080
1477 297 0 905 1080
1478 377 0 985 1080
1479 457 0 1065 1080
1480 537 0 1145 1080
1481 617 0 1225 1080
1482 686 0 1294 1080
1483 727 0 1335 1080
1484 732 0 1340 1080
1485 706 0 1314 1080
1486 654 0 1262 1080
1487 590 0 1198 1080
1488 529 0 1137 1080
1489 475 0 1083 1080
1490 435 0 1043 1080
1491 414 0 1022 1080
1492 408 0 1016 1080
1493 415 0 1023 1080
1494 429 0 1037 1080
1495 446 0 1054 1080
1496 462 0 1070 1080
1497 472 0 1080 1080
1498 475 0 1083 1080
1499 470 0 1078 1080
1500 457 0 1065 1080
1501 438 0 1046 1080
1502 416 0 1024 1080
1503 395 0 1003 1080
1504 377 0 985 1080
1505 365 0 973 1080
1506 362 0 970 1080
1507 364 0 972 1080
1508 372 0 980 1080
1509 381 0 989 1080
1510 388 0 996 1080
1511 387 0 995 1080
1512 377 0 985 1080
1513 354 0 962 1080
1514 322 0 930 1080
1515 286 0 894 1080
1516 242 0 850 1080
1517 191 0 799 1080
1518 160 0 768 1080
1519 151 0 759 1080
1520 160 0 768 1080
1521 180 0 788 1080
1522 202 0 810 1080
1523 210 0 818 1080
1524 204 0 812 1080
1525 188 0 796 1080
1526 168 0 776 1080
1527 147 0 755 1080
1528 129 0 737 1080
1529 115 0 723 1080
1530 105 0 713 1080
1531 99 0 707 1080
1532 96 0 704 1080
1533 93 0 701 1080
1534 92 0 700 1080
1535 90 0 698 1080
1536 85 0 693 1080
1537 80 0 688 1080
1538 76 0 684 1080
1539 72 0 680 1080
1540 68 0 676 1080
1541 64 0 672 1080
1542 85 0 693 1080
1543 122 0 730 1080
1544 165 0 773 1080
1545 205 0 813 1080
1546 241 0 849 1080
1547 266 0 874 1080
1548 277 0 885 1080
1549 275 0 883 1080
1550 258 0 866 1080
1551 232 0 840 1080
1552 205 0 813 1080
1553 180 0 788 1080
1554 161 0 769 1080
1555 164 0 772 1080
1556 184 0 792 1080
1557 214 0 822 1080
1558 247 0 855 1080
1559 275 0 883 1080
1560 294 0 902 1080
1561 303 0 911 1080
1562 303 0 911 1080
1563 297 0 905 1080
1564 288 0 896 1080
1565 280 0 888 1080
1566 274 0 882 1080
1567 273 0 881 1080
1568 275 0 883 1080
1569 281 0 889 1080
1570 271 0 879 1080
1571 265 0 873 1080
1572 205 0 813 1080
1573 159 0 767 1080
1574 135 0 743 1080
1575 149 0 757 1080
1576 192 0 800 1080
1577 254 0 862 1080
1578 321 0 929 1080
1579 381 0 989 1080
1580 428 0 1036 1080
1581 457 0 1065 1080
1582 471 0 1079 1080
1583 475 0 1083 1080
1584 473 0 1081 1080
1585 481 0 1089 1080
1586 561 0 1169 1080
1587 641 0 1249 1080
1588 721 0 1329 1080
1589 801 0 1409 1080
1590 881 0 1489 1080
1591 961 0 1569 1080
1592 1041 0 1649 1080
1593 1121 0 1729 1080
1594 1201 0 1809 1080
1595 1281 0 1889 1080
1596 1312 0 1920 1080
1597 1312 0 1920 1080
1598 1312 0 1920 1080
1599 1281 0 1889 1080
1600 1201 0 1809 1080
1601 1121 0 1729 1080
1602 1041 0 1649 1080
1603 961 0 1569 1080
1604 881 0 1489 1080
1605 872 0 1480 1080
1606 792 0 1400 1080
1607 712 0 1320 1080
1608 632 0 1240 1080
1609 552 0 1160 1080
1610 472 0 1080 1080
1611 392 0 1000 1080
1612 312 0 920 1080
1613 246 0 854 1080
1614 177 0 785 1080
1615 122 0 730 1080
1616 90 0 698 1080
1617 170 0 778 1080
1618 236 0 844 1080
1619 283 0 891 1080
1620 308 0 916 1080
1621 310 0 918 1080
1622 295 0 903 1080
1623 269 0 877 1080
1624 239 0 847 1080
1625 211 0 819 1080
1626 192 0 800 1080
1627 136 0 744 1080
1628 62 0 670 1080
1629 0 0 608 1080
1630 0 0 608 1080
1631 0 0 608 1080
1632 0 0 608 1080
1633 0 0 608 1080
1634 0 0 608 1080
1635 66 0 674 1080
1636 146 0 754 1080
1637 226 0 834 1080
1638 306 0 914 1080
1639 386 0 994 1080
1640 466 0 1074 1080
1641 544 0 1152 1080
1642 613 0 1221 1080
1643 660 0 1268 1080
1644 662 0 1270 1080
1645 644 0 1252 1080
1646 611 0 1219 1080
1647 575 0 1183 1080
1648 495 0 1103 1080
1649 415 0 1023 1080
1650 335 0 943 1080
1651 255 0 863 1080
1652 175 0 783 1080
1653 255 0 863 1080
1654 263 0 871 1080
1655 210 0 818 1080
1656 130 0 738 1080
1657 50 0 658 1080
1658 0 0 608 1080
1659 0 0 608 1080
1660 0 0 608 1080
1661 43 0 651 1080
1662 73 0 681 1080
1663 73 0 681 1080
1664 48 0 656 1080
1665 9 0 617 1080
1666 0 0 608 1080
1667 46 0 654 1080
1668 89 0 697 1080
1669 95 0 703 1080
1670 68 0 676 1080
1671 21 0 629 1080
1672 0 0 608 1080
1673 0 0 608 1080
1674 0 0 608 1080
1675 47 0 655 1080
1676 64 0 672 1080
1677 50 0 658 1080
1678 13 0 621 1080
1679 0 0 608 1080
1680 0 0 608 1080
1681 0 0 608 1080
1682 46 0 654 1080
1683 58 0 666 1080
1684 38 0 646 1080
1685 0 0 608 1080
1686 0 0 608 1080
1687 0 0 608 1080
1688 0 0 608 1080
1689 26 0 634 1080
1690 40 0 648 1080
1691 34 0 642 1080
1692 14 0 622 1080
1693 0 0 608 1080
1694 0 0 608 1080
1695 0 0 608 1080
1696 0 0 608 1080
1697 0 0 608 1080
1698 0 0 608 1080
1699 0 0 608 1080
1700 0 0 608 1080
1701 0 0 608 1080
1702 0 0 608 1080
1703 0 0 608 1080
1704 0 0 608 1080
1705 0 0 608 1080
1706 0 0 608 1080
1707 0 0 608 1080
1708 0 0 608 1080
1709 0 0 608 1080
1710 0 0 608 1080
1711 0 0 608 1080
1712 0 0 608 1080
1713 11 0 619 1080
1714 24 0 632 1080
1715 32 0 640 1080
1716 34 0 642 1080
1717 32 0 640 1080
1718 28 0 636 1080
1719 22 0 630 1080
1720 17 0 625 1080
1721 16 0 624 1080
1722 22 0 630 1080
1723 33 0 641 1080
1724 45 0 653 1080
1725 55 0 663 1080
1726 59 0 667 1080
1727 56 0 664 1080
1728 51 0 659 1080
1729 44 0 652 1080
1730 36 0 644 1080
1731 31 0 639 1080
1732 31 0 639 1080
1733 34 0 642 1080
1734 39 0 647 1080
1735 42 0 650 1080
1736 44 0 652 1080
1737 43 0 651 1080
1738 42 0 650 1080
1739 38 0 646 1080
1740 36 0 644 1080
1741 36 0 644 1080
1742 42 0 650 1080
1743 51 0 659 1080
1744 61 0 669 1080
1745 69 0 677 1080
1746 74 0 682 1080
1747 75 0 683 1080
1748 72 0 680 1080
1749 70 0 678 1080
1750 70 0 678 1080
1751 72 0 680 1080
1752 73 0 681 1080
1753 72 0 680 1080
1754 70 0 678 1080
1755 66 0 674 1080
1756 63 0 671 1080
1757 61 0 669 1080
1758 61 0 669 1080
1759 62 0 670 1080
1760 63 0 671 1080
1761 65 0 673 1080
1762 71 0 679 1080
1763 80 0 688 1080
1764 92 0 700 1080
1765 104 0 712 1080
1766 116 0 724 1080
1767 125 0 733 1080
1768 132 0 740 1080
1769 134 0 742 1080
1770 132 0 740 1080
1771 125 0 733 1080
1772 116 0 724 1080
1773 106 0 714 1080
1774 96 0 704 1080
1775 91 0 699 1080
1776 91 0 699 1080
1777 99 0 707 1080
1778 111 0 719 1080
1779 124 0 732 1080
1780 137 0 745 1080
1781 146 0 754 1080
1782 151 0 759 1080
1783 152 0 760 1080
1784 152 0 760 1080
1785 150 0 758 1080
1786 149 0 757 1080
1787 148 0 756 1080
1788 147 0 755 1080
1789 147 0 755 1080
1790 148 0 756 1080
1791 148 0 756 1080
1792 153 0 761 1080
1793 157 0 765 1080
1794 161 0 769 1080
1795 165 0 773 1080
1796 169 0 777 1080
1797 172 0 780 1080
1798 175 0 783 1080
1799 182 0 790 1080
1800 189 0 797 1080
1801 195 0 803 1080
1802 200 0 808 1080
1803 203 0 811 1080
1804 204 0 812 1080
1805 202 0 810 1080
1806 203 0 811 1080
1807 201 0 809 1080
1808 197 0 805 1080
1809 192 0 800 1080
1810 188 0 796 1080
1811 184 0 792 1080
1812 181 0 789 1080
1813 184 0 792 1080
1814 192 0 800 1080
1815 201 0 809 1080
1816 211 0 819 1080
1817 216 0 824 1080
1818 245 0 853 1080
1819 286 0 894 1080
1820 326 0 934 1080
1821 360 0 968 1080
1822 380 0 988 1080
1823 384 0 992 1080
1824 375 0 983 1080
1825 357 0 965 1080
1826 308 0 916 1080
1827 247 0 855 1080
1828 192 0 800 1080
1829 154 0 762 1080
1830 139 0 747 1080
1831 151 0 759 1080
1832 185 0 793 1080
1833 233 0 841 1080
1834 284 0 892 1080
1835 331 0 939 1080
1836 368 0 976 1080
1837 393 0 1001 1080
1838 405 0 1013 1080
1839 408 0 1016 1080
1840 452 0 1060 1080
1841 525 0 1133 1080
1842 605 0 1213 1080
1843 685 0 1293 1080
1844 758 0 1366 1080
1845 818 0 1426 1080
1846 859 0 1467 1080
1847 884 0 1492 1080
1848 896 0 1504 1080
1849 901 0 1509 1080
1850 906 0 1514 1080
1851 915 0 1523 1080
1852 931 0 1539 1080
1853 955 0 1563 1080
1854 987 0 1595 1080
1855 1024 0 1632 1080
1856 1063 0 1671 1080
1857 1102 0 1710 1080
1858 1137 0 1745 1080
1859 1169 0 1777 1080
1860 1197 0 1805 1080
1861 1222 0 1830 1080
1862 1245 0 1853 1080
1863 1247 0 1855 1080
1864 1229 0 1837 1080
1865 1200 0 1808 1080
1866 1166 0 1774 1080
1867 1134 0 1742 1080
1868 1111 0 1719 1080
1869 1098 0 1706 1080
1870 1086 0 1694 1080
1871 1078 0 1686 1080
1872 1074 0 1682 1080
1873 1071 0 1679 1080
1874 1069 0 1677 1080
1875 1068 0 1676 1080
1876 1068 0 1676 1080
1877 1069 0 1677 1080
1878 1070 0 1678 1080
1879 1071 0 1679 1080
1880 1071 0 1679 1080
1881 1071 0 1679 1080
1882 1070 0 1678 1080
1883 1067 0 1675 1080
1884 1063 0 1671 1080
1885 1059 0 1667 1080
1886 1060 0 1668 1080
1887 1067 0 1675 1080
1888 1074 0 1682 1080
1889 1080 0 1688 1080
1890 1082 0 1690 1080
1891 1081 0 1689 1080
1892 1115 0 1723 1080
1893 1131 0 1739 1080
1894 1129 0 1737 1080
1895 1152 0 1760 1080
1896 1190 0 1798 1080
1897 1232 0 1840 1080
1898 1270 0 1878 1080
1899 1297 0 1905 1080
1900 1310 0 1918 1080
1901 1274 0 1882 1080
1902 1205 0 1813 1080
1903 1156 0 1764 1080
1904 1134 0 1742 1080
1905 1138 0 1746 1080
1906 1163 0 1771 1080
1907 1199 0 1807 1080
1908 1237 0 1845 1080
1909 1269 0 1877 1080
1910 1289 0 1897 1080
1911 1294 0 1902 1080
1912 1286 0 1894 1080
1913 1269 0 1877 1080
1914 1264 0 1872 1080
1915 1270 0 1878 1080
1916 1293 0 1901 1080
1917 1312 0 1920 1080
1918 1312 0 1920 1080
1919 1312 0 1920 1080
1920 1312 0 1920 1080
1921 1312 0 1920 1080
1922 1312 0 1920 1080
1923 1312 0 1920 1080
1924 1287 0 1895 1080
1925 1253 0 1861 1080
1926 1239 0 1847 1080
1927 1236 0 1844 1080
1928 1255 0 1863 1080
1929 1289 0 1897 1080
1930 1312 0 1920 1080
1931 1312 0 1920 1080
1932 1312 0 1920 1080
1933 1312 0 1920 1080
1934 1294 0 1902 1080
1935 1299 0 1907 1080
1936 1312 0 1920 1080
1937 1312 0 1920 1080
1938 1312 0 1920 1080
1939 1312 0 1920 1080
1940 1312 0 1920 1080
1941 1312 0 1920 1080
1942 1312 0 1920 1080
1943 1312 0 1920 1080
1944 1312 0 1920 1080
1945 1287 0 1895 1080
1946 1272 0 1880 1080
1947 1276 0 1884 1080
1948 1293 0 1901 1080
1949 1312 0 1920 1080
1950 1312 0 1920 1080
1951 1312 0 1920 1080
1952 1312 0 1920 1080
1953 1312 0 1920 1080
1954 1312 0 1920 1080
1955 1312 0 1920 1080
1956 1312 0 1920 1080
1957 1312 0 1920 1080
1958 1312 0 1920 1080
1959 1308 0 1916 1080
1960 1278 0 1886 1080
1961 1239 0 1847 1080
1962 1202 0 1810 1080
1963 1202 0 1810 1080
1964 1203 0 1811 1080
1965 1232 0 1840 1080
1966 1262 0 1870 1080
1967 1303 0 1911 1080
1968 1312 0 1920 1080
1969 1312 0 1920 1080
1970 1312 0 1920 1080
1971 1312 0 1920 1080
1972 1291 0 1899 1080
1973 1211 0 1819 1080
1974 1174 0 1782 1080
1975 1186 0 1794 1080
1976 1237 0 1845 1080
1977 1224 0 1832 1080
1978 1253 0 1861 1080
1979 1221 0 1829 1080
1980 1147 0 1755 1080
1981 1067 0 1675 1080
1982 987 0 1595 1080
1983 907 0 1515 1080
1984 827 0 1435 1080
1985 757 0 1365 1080
1986 714 0 1322 1080
1987 702 0 1310 1080
1988 717 0 1325 1080
1989 755 0 1363 1080
1990 802 0 1410 1080
1991 848 0 1456 1080
1992 885 0 1493 1080
1993 910 0 1518 1080
1994 921 0 1529 1080
1995 919 0 1527 1080
1996 906 0 1514 1080
1997 888 0 1496 1080
1998 870 0 1478 1080
1999 852 0 1460 1080
2000 838 0 1446 1080
2001 827 0 1435 1080
2002 821 0 1429 1080
2003 823 0 1431 1080
2004 831 0 1439 1080
2005 841 0 1449 1080
2006 850 0 1458 1080
2007 858 0 1466 1080
2008 861 0 1469 1080
2009 857 0 1465 1080
2010 846 0 1454 1080
2011 828 0 1436 1080
2012 809 0 1417 1080
2013 793 0 1401 1080
2014 784 0 1392 1080
2015 783 0 1391 1080
2016 789 0 1397 1080
2017 799 0 1407 1080
2018 808 0 1416 1080
2019 813 0 1421 1080
2020 812 0 1420 1080
2021 806 0 1414 1080
2022 795 0 1403 1080
2023 785 0 1393 1080
2024 777 0 1385 1080
2025 772 0 1380 1080
2026 774 0 1382 1080
2027 779 0 1387 1080
2028 785 0 1393 1080
2029 788 0 1396 1080
2030 787 0 1395 1080
2031 781 0 1389 1080
2032 771 0 1379 1080
2033 761 0 1369 1080
2034 753 0 1361 1080
2035 750 0 1358 1080
2036 752 0 1360 1080
2037 757 0 1365 1080
2038 764 0 1372 1080
2039 770 0 1378 1080
2040 774 0 1382 1080
2041 773 0 1381 1080
2042 768 0 1376 1080
2043 759 0 1367 1080
2044 749 0 1357 1080
2045 740 0 1348 1080
2046 733 0 1341 1080
2047 730 0 1338 1080
2048 730 0 1338 1080
2049 732 0 1340 1080
2050 738 0 1346 1080
2051 744 0 1352 1080
2052 751 0 1359 1080
2053 756 0 1364 1080
2054 760 0 1368 1080
2055 764 0 1372 1080
2056 766 0 1374 1080
2057 768 0 1376 1080
2058 769 0 1377 1080
2059 766 0 1374 1080
2060 760 0 1368 1080
2061 753 0 1361 1080
2062 747 0 1355 1080
2063 743 0 1351 1080
2064 742 0 1350 1080
2065 743 0 1351 1080
2066 746 0 1354 1080
2067 750 0 1358 1080
2068 752 0 1360 1080
2069 753 0 1361 1080
2070 753 0 1361 1080
2071 753 0 1361 1080
2072 750 0 1358 1080
2073 744 0 1352 1080
2074 734 0 1342 1080
2075 720 0 1328 1080
2076 707 0 1315 1080
2077 696 0 1304 1080
2078 690 0 1298 1080
2079 688 0 1296 1080
2080 689 0 1297 1080
2081 694 0 1302 1080
2082 701 0 1309 1080
2083 708 0 1316 1080
2084 713 0 1321 1080
2085 715 0 1323 1080
2086 715 0 1323 1080
2087 714 0 1322 1080
2088 714 0 1322 1080
2089 714 0 1322 1080
2090 715 0 1323 1080
2091 720 0 1328 1080
2092 727 0 1335 1080
2093 736 0 1344 1080
2094 745 0 1353 1080
2095 753 0 1361 1080
2096 759 0 1367 1080
2097 762 0 1370 1080
2098 762 0 1370 1080
2099 761 0 1369 1080
2100 759 0 1367 1080
2101 759 0 1367 1080
2102 764 0 1372 1080
2103 777 0 1385 1080
2104 819 0 1427 1080
2105 876 0 1484 1080
2106 934 0 1542 1080
2107 983 0 1591 1080
2108 1017 0 1625 1080
2109 1037 0 1645 1080
2110 1082 0 1690 1080
2111 1141 0 1749 1080
2112 1204 0 1812 1080
2113 1259 0 1867 1080
2114 1299 0 1907 1080
2115 1312 0 1920 1080
2116 1312 0 1920 1080
2117 1306 0 1914 1080
2118 1283 0 1891 1080
2119 1258 0 1866 1080
2120 1237 0 1845 1080
2121 1223 0 1831 1080
2122 1218 0 1826 1080
2123 1222 0 1830 1080
2124 1232 0 1840 1080
2125 1245 0 1853 1080
2126 1258 0 1866 1080
2127 1269 0 1877 1080
2128 1277 0 1885 1080
2129 1280 0 1888 1080
2130 1280 0 1888 1080
2131 1277 0 1885 1080
2132 1273 0 1881 1080
2133 1270 0 1878 1080
2134 1267 0 1875 1080
2135 1265 0 1873 1080
2136 1264 0 1872 1080
2137 1265 0 1873 1080
2138 1267 0 1875 1080
2139 1270 0 1878 1080
2140 1272 0 1880 1080
2141 1274 0 1882 1080
2142 1275 0 1883 1080
2143 1276 0 1884 1080
2144 1277 0 1885 1080
2145 1276 0 1884 1080
2146 1275 0 1883 1080
2147 1273 0 1881 1080
2148 1272 0 1880 1080
2149 1272 0 1880 1080
2150 1272 0 1880 1080
2151 1273 0 1881 1080
2152 1274 0 1882 1080
2153 1275 0 1883 1080
2154 1277 0 1885 1080
2155 1278 0 1886 1080
2156 1279 0 1887 1080
2157 1279 0 1887 1080
2158 1280 0 1888 1080
2159 1280 0 1888 1080
2160 1277 0 1885 1080
2161 1273 0 1881 1080
2162 1269 0 1877 1080
2163 1263 0 1871 1080
2164 1256 0 1864 1080
2165 1251 0 1859 1080
2166 1246 0 1854 1080
2167 1242 0 1850 1080
2168 1240 0 1848 1080
2169 1238 0 1846 1080
2170 1237 0 1845 1080
2171 1237 0 1845 1080
2172 1235 0 1843 1080
2173 1233 0 1841 1080
2174 1230 0 1838 1080
2175 1226 0 1834 1080
2176 1221 0 1829 1080
2177 1215 0 1823 1080
2178 1208 0 1816 1080
2179 1201 0 1809 1080
2180 1194 0 1802 1080
2181 1189 0 1797 1080
2182 1186 0 1794 1080
2183 1183 0 1791 1080
2184 1183 0 1791 1080
2185 1184 0 1792 1080
2186 1186 0 1794 1080
2187 1189 0 1797 1080
2188 1191 0 1799 1080
2189 1192 0 1800 1080
2190 1186 0 1794 1080
2191 1181 0 1789 1080
2192 1178 0 1786 1080
2193 1177 0 1785 1080
2194 1178 0 1786 1080
2195 1196 0 1804 1080
2196 1222 0 1830 1080
2197 1202 0 1810 1080
2198 1198 0 1806 1080
2199 1209 0 1817 1080
2200 1229 0 1837 1080
2201 1253 0 1861 1080
2202 1276 0 1884 1080
2203 1293 0 1901 1080
2204 1213 0 1821 1080
2205 1161 0 1769 1080
2206 1143 0 1751 1080
2207 1155 0 1763 1080
2208 1190 0 1798 1080
2209 1236 0 1844 1080
2210 1281 0 1889 1080
2211 1201 0 1809 1080
2212 1154 0 1762 1080
2213 1143 0 1751 1080
2214 1163 0 1771 1080
2215 1204 0 1812 1080
2216 1254 0 1862 1080
2217 1302 0 1910 1080
2218 1222 0 1830 1080
2219 1173 0 1781 1080
2220 1158 0 1766 1080
2221 1174 0 1782 1080
2222 1212 0 1820 1080
2223 1261 0 1869 1080
2224 1308 0 1916 1080
2225 1228 0 1836 1080
2226 1179 0 1787 1080
2227 1166 0 1774 1080
2228 1184 0 1792 1080
2229 1224 0 1832 1080
2230 1273 0 1881 1080
2231 1312 0 1920 1080
2232 1240 0 1848 1080
2233 1191 0 1799 1080
2234 1177 0 1785 1080
2235 1195 0 1803 1080
2236 1169 0 1777 1080
2237 1114 0 1722 1080
2238 1049 0 1657 1080
2239 989 0 1597 1080
2240 947 0 1555 1080
2241 928 0 1536 1080
2242 933 0 1541 1080
2243 957 0 1565 1080
2244 992 0 1600 1080
2245 1033 0 1641 1080
2246 1069 0 1677 1080
2247 1095 0 1703 1080
2248 1107 0 1715 1080
2249 1105 0 1713 1080
2250 1094 0 1702 1080
2251 1079 0 1687 1080
2252 1064 0 1672 1080
2253 1051 0 1659 1080
2254 1045 0 1653 1080
2255 1045 0 1653 1080
2256 1052 0 1660 1080
2257 1064 0 1672 1080
2258 1078 0 1686 1080
2259 1092 0 1700 1080
2260 1103 0 1711 1080
2261 1108 0 1716 1080
2262 1108 0 1716 1080
2263 1102 0 1710 1080
2264 1095 0 1703 1080
2265 1087 0 1695 1080
2266 1081 0 1689 1080
2267 1076 0 1684 1080
2268 1074 0 1682 1080
2269 1074 0 1682 1080
2270 1075 0 1683 1080
2271 1076 0 1684 1080
2272 1072 0 1680 1080
2273 1064 0 1672 1080
2274 1041 0 1649 1080
2275 1019 0 1627 1080
2276 998 0 1606 1080
2277 963 0 1571 1080
2278 920 0 1528 1080
2279 873 0 1481 1080
2280 828 0 1436 1080
2281 789 0 1397 1080
2282 757 0 1365 1080
2283 733 0 1341 1080
2284 715 0 1323 1080
2285 701 0 1309 1080
2286 687 0 1295 1080
2287 672 0 1280 1080
2288 653 0 1261 1080
2289 630 0 1238 1080
2290 605 0 1213 1080
2291 576 0 1184 1080
2292 546 0 1154 1080
2293 516 0 1124 1080
2294 488 0 1096 1080
2295 460 0 1068 1080
2296 435 0 1043 1080
2297 410 0 1018 1080
2298 387 0 995 1080
2299 364 0 972 1080
2300 341 0 949 1080
2301 318 0 926 1080
2302 294 0 902 1080
2303 269 0 877 1080
2304 210 0 818 1080
2305 134 0 742 1080
2306 59 0 667 1080
2307 37 0 645 1080
2308 65 0 673 1080
2309 130 0 738 1080
2310 210 0 818 1080
2311 290 0 898 1080
2312 361 0 969 1080
2313 414 0 1022 1080
2314 387 0 995 1080
2315 364 0 972 1080
2316 350 0 958 1080
2317 350 0 958 1080
2318 364 0 972 1080
2319 389 0 997 1080
2320 422 0 1030 1080
2321 457 0 1065 1080
2322 498 0 1106 1080
2323 538 0 1146 1080
2324 570 0 1178 1080
2325 591 0 1199 1080
2326 593 0 1201 1080
2327 588 0 1196 1080
2328 577 0 1185 1080
2329 564 0 1172 1080
2330 555 0 1163 1080
2331 551 0 1159 1080
2332 553 0 1161 1080
2333 559 0 1167 1080
2334 569 0 1177 1080
2335 579 0 1187 1080
2336 588 0 1196 1080
2337 595 0 1203 1080
2338 597 0 1205 1080
2339 597 0 1205 1080
2340 592 0 1200 1080
2341 583 0 1191 1080
2342 576 0 1184 1080
2343 574 0 1182 1080
2344 574 0 1182 1080
2345 574 0 1182 1080
2346 567 0 1175 1080
2347 549 0 1157 1080
2348 533 0 1141 1080
2349 521 0 1129 1080
2350 515 0 1123 1080
2351 516 0 1124 1080
2352 509 0 1117 1080
2353 498 0 1106 1080
2354 487 0 1095 1080
2355 480 0 1088 1080
2356 478 0 1086 1080
2357 481 0 1089 1080
2358 492 0 1100 1080
2359 509 0 1117 1080
2360 530 0 1138 1080
2361 553 0 1161 1080
2362 574 0 1182 1080
2363 589 0 1197 1080
2364 597 0 1205 1080
2365 597 0 1205 1080
2366 592 0 1200 1080
2367 586 0 1194 1080
2368 581 0 1189 1080
2369 555 0 1163 1080
2370 517 0 1125 1080
2371 479 0 1087 1080
2372 449 0 1057 1080
2373 429 0 1037 1080
2374 451 0 1059 1080
2375 500 0 1108 1080
2376 561 0 1169 1080
2377 596 0 1204 1080
2378 606 0 1214 1080
2379 592 0 1200 1080
2380 559 0 1167 1080
2381 517 0 1125 1080
2382 491 0 1099 1080
2383 490 0 1098 1080
2384 566 0 1174 1080
2385 646 0 1254 1080
2386 726 0 1334 1080
2387 806 0 1414 1080
2388 880 0 1488 1080
2389 931 0 1539 1080
2390 951 0 1559 1080
2391 947 0 1555 1080
2392 916 0 1524 1080
2393 866 0 1474 1080
2394 807 0 1415 1080
2395 750 0 1358 1080
2396 703 0 1311 1080
2397 673 0 1281 1080
2398 664 0 1272 1080
2399 673 0 1281 1080
2400 696 0 1304 1080
2401 720 0 1328 1080
2402 737 0 1345 1080
2403 747 0 1355 1080
2404 748 0 1356 1080
2405 742 0 1350 1080
2406 732 0 1340 1080
2407 735 0 1343 1080
2408 746 0 1354 1080
2409 761 0 1369 1080
2410 774 0 1382 1080
2411 783 0 1391 1080
2412 787 0 1395 1080
2413 785 0 1393 1080
2414 778 0 1386 1080
2415 767 0 1375 1080
2416 755 0 1363 1080
2417 742 0 1350 1080
2418 730 0 1338 1080
2419 720 0 1328 1080
2420 715 0 1323 1080
2421 710 0 1318 1080
2422 705 0 1313 1080
2423 700 0 1308 1080
2424 695 0 1303 1080
2425 690 0 1298 1080
2426 685 0 1293 1080
2427 681 0 1289 1080
2428 677 0 1285 1080
2429 675 0 1283 1080
2430 670 0 1278 1080
2431 665 0 1273 1080
2432 641 0 1249 1080
2433 608 0 1216 1080
2434 576 0 1184 1080
2435 551 0 1159 1080
2436 538 0 1146 1080
2437 543 0 1151 1080
2438 561 0 1169 1080
2439 563 0 1171 1080
2440 554 0 1162 1080
2441 545 0 1153 1080
2442 542 0 1150 1080
2443 543 0 1151 1080
2444 538 0 1146 1080
2445 522 0 1130 1080
2446 505 0 1113 1080
2447 495 0 1103 1080
2448 497 0 1105 1080
2449 510 0 1118 1080
2450 551 0 1159 1080
2451 588 0 1196 1080
2452 633 0 1241 1080
2453 676 0 1284 1080
2454 709 0 1317 1080
2455 727 0 1335 1080
2456 727 0 1335 1080
2457 725 0 1333 1080
2458 706 0 1314 1080
2459 691 0 1299 1080
2460 684 0 1292 1080
2461 684 0 1292 1080
2462 690 0 1298 1080
2463 692 0 1300 1080
2464 686 0 1294 1080
2465 766 0 1374 1080
2466 808 0 1416 1080
2467 812 0 1420 1080
2468 784 0 1392 1080
2469 749 0 1357 1080
2470 705 0 1313 1080
2471 663 0 1271 1080
2472 633 0 1241 1080
2473 619 0 1227 1080
2474 625 0 1233 1080
2475 646 0 1254 1080
2476 676 0 1284 1080
2477 710 0 1318 1080
2478 742 0 1350 1080
2479 767 0 1375 1080
2480 784 0 1392 1080
2481 791 0 1399 1080
2482 791 0 1399 1080
2483 786 0 1394 1080
2484 813 0 1421 1080
2485 865 0 1473 1080
2486 929 0 1537 1080
2487 995 0 1603 1080
2488 1052 0 1660 1080
2489 1095 0 1703 1080
2490 1122 0 1730 1080
2491 1133 0 1741 1080
2492 1132 0 1740 1080
2493 1124 0 1732 1080
2494 1113 0 1721 1080
2495 1099 0 1707 1080
2496 1086 0 1694 1080
2497 1073 0 1681 1080
2498 1062 0 1670 1080
2499 1054 0 1662 1080
2500 1047 0 1655 1080
2501 1041 0 1649 1080
2502 1036 0 1644 1080
2503 1031 0 1639 1080
2504 1027 0 1635 1080
2505 1027 0 1635 1080
2506 1030 0 1638 1080
2507 1039 0 1647 1080
2508 1047 0 1655 1080
2509 1054 0 1662 1080
2510 1059 0 1667 1080
2511 1060 0 1668 1080
2512 1072 0 1680 1080
2513 1096 0 1704 1080
2514 1126 0 1734 1080
2515 1158 0 1766 1080
2516 1186 0 1794 1080
2517 1206 0 1814 1080
2518 1216 0 1824 1080
2519 1217 0 1825 1080
2520 1209 0 1817 1080
2521 1197 0 1805 1080
2522 1186 0 1794 1080
2523 1178 0 1786 1080
2524 1175 0 1783 1080
2525 1181 0 1789 1080
2526 1193 0 1801 1080
2527 1209 0 1817 1080
2528 1225 0 1833 1080
2529 1239 0 1847 1080
2530 1249 0 1857 1080
2531 1255 0 1863 1080
2532 1258 0 1866 1080
2533 1258 0 1866 1080
2534 1257 0 1865 1080
2535 1255 0 1863 1080
2536 1235 0 1843 1080
2537 1201 0 1809 1080
2538 1163 0 1771 1080
2539 1126 0 1734 1080
2540 1098 0 1706 1080
2541 1080 0 1688 1080
2542 1060 0 1668 1080
2543 1039 0 1647 1080
2544 1021 0 1629 1080
2545 1011 0 1619 1080
2546 1007 0 1615 1080
2547 1010 0 1618 1080
2548 1018 0 1626 1080
2549 1031 0 1639 1080
2550 1045 0 1653 1080
2551 1056 0 1664 1080
2552 1062 0 1670 1080
2553 1062 0 1670 1080
2554 1057 0 1665 1080
2555 1048 0 1656 1080
2556 1037 0 1645 1080
2557 1025 0 1633 1080
2558 1012 0 1620 1080
2559 1003 0 1611 1080
2560 992 0 1600 1080
2561 983 0 1591 1080
2562 977 0 1585 1080
2563 973 0 1581 1080
2564 971 0 1579 1080
2565 972 0 1580 1080
2566 974 0 1582 1080
2567 975 0 1583 1080
2568 974 0 1582 1080
2569 1033 0 1641 1080
2570 1057 0 1665 1080
2571 1050 0 1658 1080
2572 1020 0 1628 1080
2573 979 0 1587 1080
2574 939 0 1547 1080
2575 867 0 1475 1080
2576 787 0 1395 1080
2577 714 0 1322 1080
2578 682 0 1290 1080
2579 689 0 1297 1080
2580 728 0 1336 1080
2581 785 0 1393 1080
2582 843 0 1451 1080
2583 889 0 1497 1080
2584 916 0 1524 1080
2585 922 0 1530 1080
2586 906 0 1514 1080
2587 879 0 1487 1080
2588 846 0 1454 1080
2589 816 0 1424 1080
2590 795 0 1403 1080
2591 786 0 1394 1080
2592 789 0 1397 1080
2593 801 0 1409 1080
2594 815 0 1423 1080
2595 829 0 1437 1080
2596 841 0 1449 1080
2597 849 0 1457 1080
2598 853 0 1461 1080
2599 854 0 1462 1080
2600 851 0 1459 1080
2601 846 0 1454 1080
2602 841 0 1449 1080
2603 838 0 1446 1080
2604 841 0 1449 1080
2605 849 0 1457 1080
2606 860 0 1468 1080
2607 871 0 1479 1080
2608 882 0 1490 1080
2609 891 0 1499 1080
2610 900 0 1508 1080
2611 909 0 1517 1080
2612 919 0 1527 1080
2613 932 0 1540 1080
2614 946 0 1554 1080
2615 962 0 1570 1080
2616 977 0 1585 1080
2617 990 0 1598 1080
2618 999 0 1607 1080
2619 1005 0 1613 1080
2620 1010 0 1618 1080
2621 1017 0 1625 1080
2622 1026 0 1634 1080
2623 1036 0 1644 1080
2624 1046 0 1654 1080
2625 1055 0 1663 1080
2626 1062 0 1670 1080
2627 1065 0 1673 1080
2628 1061 0 1669 1080
2629 1051 0 1659 1080
2630 1038 0 1646 1080
2631 1026 0 1634 1080
2632 1019 0 1627 1080
2633 1020 0 1628 1080
2634 1027 0 1635 1080
2635 1038 0 1646 1080
2636 1051 0 1659 1080
2637 1062 0 1670 1080
2638 1066 0 1674 1080
2639 1064 0 1672 1080
2640 1057 0 1665 1080
2641 1048 0 1656 1080
2642 1040 0 1648 1080
2643 1032 0 1640 1080
2644 1026 0 1634 1080
2645 1022 0 1630 1080
2646 1021 0 1629 1080
2647 1017 0 1625 1080
2648 1011 0 1619 1080
2649 1001 0 1609 1080
2650 991 0 1599 1080
2651 982 0 1590 1080
2652 977 0 1585 1080
2653 977 0 1585 1080
2654 980 0 1588 1080
2655 984 0 1592 1080
2656 989 0 1597 1080
2657 992 0 1600 1080
2658 991 0 1599 1080
2659 988 0 1596 1080
2660 985 0 1593 1080
2661 983 0 1591 1080
2662 982 0 1590 1080
2663 982 0 1590 1080
2664 983 0 1591 1080
2665 983 0 1591 1080
2666 981 0 1589 1080
2667 976 0 1584 1080
2668 969 0 1577 1080
2669 960 0 1568 1080
2670 952 0 1560 1080
2671 947 0 1555 1080
2672 945 0 1553 1080
2673 946 0 1554 1080
2674 949 0 1557 1080
2675 952 0 1560 1080
2676 953 0 1561 1080
2677 948 0 1556 1080
2678 938 0 1546 1080
2679 923 0 1531 1080
2680 907 0 1515 1080
2681 896 0 1504 1080
2682 891 0 1499 1080
2683 895 0 1503 1080
2684 905 0 1513 1080
2685 920 0 1528 1080
2686 937 0 1545 1080
2687 951 0 1559 1080
2688 960 0 1568 1080
2689 965 0 1573 1080
2690 966 0 1574 1080
2691 966 0 1574 1080
2692 965 0 1573 1080
2693 966 0 1574 1080
2694 969 0 1577 1080
2695 973 0 1581 1080
2696 979 0 1587 1080
2697 985 0 1593 1080
2698 991 0 1599 1080
2699 997 0 1605 1080
2700 1003 0 1611 1080
2701 1009 0 1617 1080
2702 1014 0 1622 1080
2703 1020 0 1628 1080
2704 1026 0 1634 1080
2705 1031 0 1639 1080
2706 1036 0 1644 1080
2707 1040 0 1648 1080
2708 1043 0 1651 1080
2709 1044 0 1652 1080
2710 1044 0 1652 1080
2711 1044 0 1652 1080
2712 1044 0 1652 1080
2713 1045 0 1653 1080
2714 1045 0 1653 1080
2715 1047 0 1655 1080
2716 1050 0 1658 1080
2717 1053 0 1661 1080
2718 1054 0 1662 1080
2719 1054 0 1662 1080
2720 1051 0 1659 1080
2721 1048 0 1656 1080
2722 1043 0 1651 1080
2723 1038 0 1646 1080
2724 1032 0 1640 1080
2725 1025 0 1633 1080
2726 1015 0 1623 1080
2727 1003 0 1611 1080
2728 984 0 1592 1080
2729 957 0 1565 1080
2730 926 0 1534 1080
2731 896 0 1504 1080
2732 872 0 1480 1080
2733 857 0 1465 1080
2734 827 0 1435 1080
2735 802 0 1410 1080
2736 782 0 1390 1080
2737 768 0 1376 1080
2738 758 0 1366 1080
2739 751 0 1359 1080
2740 736 0 1344 1080
2741 714 0 1322 1080
2742 669 0 1277 1080
2743 629 0 1237 1080
2744 595 0 1203 1080
2745 571 0 1179 1080
2746 556 0 1164 1080
2747 550 0 1158 1080
2748 546 0 1154 1080
2749 539 0 1147 1080
2750 530 0 1138 1080
2751 518 0 1126 1080
2752 501 0 1109 1080
2753 482 0 1090 1080
2754 460 0 1068 1080
2755 454 0 1062 1080
2756 430 0 1038 1080
2757 410 0 1018 1080
2758 393 0 1001 1080
2759 379 0 987 1080
2760 373 0 981 1080
2761 373 0 981 1080
2762 378 0 986 1080
2763 386 0 994 1080
2764 394 0 1002 1080
2765 397 0 1005 1080
2766 383 0 991 1080
2767 356 0 964 1080
2768 329 0 937 1080
2769 306 0 914 1080
2770 283 0 891 1080
2771 262 0 870 1080
2772 246 0 854 1080
2773 234 0 842 1080
2774 228 0 836 1080
2775 228 0 836 1080
2776 234 0 842 1080
2777 240 0 848 1080
2778 244 0 852 1080
2779 246 0 854 1080
2780 245 0 853 1080
2781 242 0 850 1080
2782 254 0 862 1080
2783 279 0 887 1080
2784 311 0 919 1080
2785 347 0 955 1080
2786 381 0 989 1080
2787 408 0 1016 1080
2788 460 0 1068 1080
2789 525 0 1133 1080
2790 587 0 1195 1080
2791 634 0 1242 1080
2792 661 0 1269 1080
2793 680 0 1288 1080
2794 698 0 1306 1080
2795 730 0 1338 1080
2796 776 0 1384 1080
2797 831 0 1439 1080
2798 892 0 1500 1080
2799 952 0 1560 1080
2800 1005 0 1613 1080
2801 1044 0 1652 1080
2802 1065 0 1673 1080
2803 1081 0 1689 1080
2804 1090 0 1698 1080
2805 1092 0 1700 1080
2806 1089 0 1697 1080
2807 1082 0 1690 1080
2808 1074 0 1682 1080
2809 1066 0 1674 1080
2810 1059 0 1667 1080
2811 1054 0 1662 1080
2812 1052 0 1660 1080
2813 1051 0 1659 1080
2814 1050 0 1658 1080
2815 1048 0 1656 1080
2816 1045 0 1653 1080
2817 1040 0 1648 1080
2818 1033 0 1641 1080
2819 1023 0 1631 1080
2820 1010 0 1618 1080
2821 990 0 1598 1080
2822 965 0 1573 1080
2823 936 0 1544 1080
2824 909 0 1517 1080
2825 886 0 1494 1080
2826 867 0 1475 1080
2827 847 0 1455 1080
2828 826 0 1434 1080
2829 803 0 1411 1080
2830 779 0 1387 1080
2831 758 0 1366 1080
2832 741 0 1349 1080
2833 726 0 1334 1080
2834 713 0 1321 1080
2835 703 0 1311 1080
2836 680 0 1288 1080
2837 643 0 1251 1080
2838 609 0 1217 1080
2839 580 0 1188 1080
2840 544 0 1152 1080
2841 506 0 1114 1080
2842 473 0 1081 1080
2843 463 0 1071 1080
2844 460 0 1068 1080
2845 447 0 1055 1080
2846 430 0 1038 1080
2847 409 0 1017 1080
2848 388 0 996 1080
2849 371 0 979 1080
2850 359 0 967 1080
2851 351 0 959 1080
2852 347 0 955 1080
2853 344 0 952 1080
2854 336 0 944 1080
2855 325 0 933 1080
2856 313 0 921 1080
2857 302 0 910 1080
2858 292 0 900 1080
2859 281 0 889 1080
2860 270 0 878 1080
2861 258 0 866 1080
2862 246 0 854 1080
2863 235 0 843 1080
2864 225 0 833 1080
2865 216 0 824 1080
2866 208 0 816 1080
2867 199 0 807 1080
2868 190 0 798 1080
2869 180 0 788 1080
2870 169 0 777 1080
2871 159 0 767 1080
2872 151 0 759 1080
2873 144 0 752 1080
2874 135 0 743 1080
2875 125 0 733 1080
2876 113 0 721 1080
2877 102 0 710 1080
2878 92 0 700 1080
2879 85 0 693 1080
2880 103 0 711 1080
2881 137 0 745 1080
2882 174 0 782 1080
2883 204 0 812 1080
2884 221 0 829 1080
2885 221 0 829 1080
2886 195 0 803 1080
2887 152 0 760 1080
2888 104 0 712 1080
2889 61 0 669 1080
2890 31 0 639 1080
2891 17 0 625 1080
2892 19 0 627 1080
2893 34 0 642 1080
2894 55 0 663 1080
2895 78 0 686 1080
2896 99 0 707 1080
2897 112 0 720 1080
2898 119 0 727 1080
2899 124 0 732 1080
2900 128 0 736 1080
2901 131 0 739 1080
2902 136 0 744 1080
2903 141 0 749 1080
2904 150 0 758 1080
2905 161 0 769 1080
2906 176 0 784 1080
2907 191 0 799 1080
2908 208 0 816 1080
2909 220 0 828 1080
2910 224 0 832 1080
2911 221 0 829 1080
2912 213 0 821 1080
2913 203 0 811 1080
2914 197 0 805 1080
2915 198 0 806 1080
2916 207 0 815 1080
2917 218 0 826 1080
2918 229 0 837 1080
2919 237 0 845 1080
2920 244 0 852 1080
2921 254 0 862 1080
2922 270 0 878 1080
2923 292 0 900 1080
2924 312 0 920 1080
2925 328 0 936 1080
2926 338 0 946 1080
2927 344 0 952 1080
2928 347 0 955 1080
2929 348 0 956 1080
2930 349 0 957 1080
2931 351 0 959 1080
2932 350 0 958 1080
2933 347 0 955 1080
2934 359 0 967 1080
2935 360 0 968 1080
2936 355 0 963 1080
2937 347 0 955 1080
2938 341 0 949 1080
2939 343 0 951 1080
2940 348 0 956 1080
2941 354 0 962 1080
2942 360 0 968 1080
2943 365 0 973 1080
2944 369 0 977 1080
2945 374 0 982 1080
2946 381 0 989 1080
2947 392 0 1000 1080
2948 400 0 1008 1080
2949 404 0 1012 1080
2950 421 0 1029 1080
2951 501 0 1109 1080
2952 541 0 1149 1080
2953 543 0 1151 1080
2954 523 0 1131 1080
2955 523 0 1131 1080
2956 538 0 1146 1080
2957 563 0 1171 1080
2958 594 0 1202 1080
2959 584 0 1192 1080
2960 542 0 1150 1080
2961 483 0 1091 1080
2962 424 0 1032 1080
2963 375 0 983 1080
2964 346 0 954 1080
2965 340 0 948 1080
2966 355 0 963 1080
2967 385 0 993 1080
2968 419 0 1027 1080
2969 452 0 1060 1080
2970 479 0 1087 1080
2971 497 0 1105 1080
2972 506 0 1114 1080
2973 504 0 1112 1080
2974 493 0 1101 1080
2975 475 0 1083 1080
2976 454 0 1062 1080
2977 434 0 1042 1080
2978 423 0 1031 1080
2979 420 0 1028 1080
2980 426 0 1034 1080
2981 438 0 1046 1080
2982 452 0 1060 1080
2983 464 0 1072 1080
2984 472 0 1080 1080
2985 474 0 1082 1080
2986 468 0 1076 1080
2987 456 0 1064 1080
2988 439 0 1047 1080
2989 415 0 1023 1080
2990 387 0 995 1080
2991 356 0 964 1080
2992 290 0 898 1080
2993 210 0 818 1080
2994 136 0 744 1080
2995 85 0 693 1080
2996 67 0 675 1080
2997 79 0 687 1080
2998 112 0 720 1080
2999 109 0 717 1080
3000 78 0 686 1080
3001 33 0 641 1080
3002 0 0 608 1080
3003 0 0 608 1080
3004 0 0 608 1080
3005 0 0 608 1080
3006 45 0 653 1080
3007 125 0 733 1080
3008 204 0 812 1080
3009 263 0 871 1080
3010 298 0 906 1080
3011 314 0 922 1080
3012 315 0 923 1080
3013 310 0 918 1080
3014 305 0 913 1080
3015 304 0 912 1080
3016 308 0 916 1080
3017 315 0 923 1080
3018 348 0 956 1080
3019 394 0 1002 1080
3020 442 0 1050 1080
3021 482 0 1090 1080
3022 509 0 1117 1080
3023 521 0 1129 1080
3024 519 0 1127 1080
3025 506 0 1114 1080
3026 487 0 1095 1080
3027 469 0 1077 1080
3028 485 0 1093 1080
3029 526 0 1134 1080
3030 583 0 1191 1080
3031 641 0 1249 1080
3032 691 0 1299 1080
3033 727 0 1335 1080
3034 747 0 1355 1080
3035 753 0 1361 1080
3036 746 0 1354 1080
3037 732 0 1340 1080
3038 716 0 1324 1080
3039 697 0 1305 1080
3040 683 0 1291 1080
3041 682 0 1290 1080
3042 692 0 1300 1080
3043 713 0 1321 1080
3044 741 0 1349 1080
3045 772 0 1380 1080
3046 802 0 1410 1080
3047 824 0 1432 1080
3048 837 0 1445 1080
3049 841 0 1449 1080
3050 837 0 1445 1080
3051 828 0 1436 1080
3052 818 0 1426 1080
3053 807 0 1415 1080
3054 798 0 1406 1080
3055 795 0 1403 1080
3056 796 0 1404 1080
3057 798 0 1406 1080
3058 798 0 1406 1080
3059 794 0 1402 1080
3060 784 0 1392 1080
3061 769 0 1377 1080
3062 762 0 1370 1080
3063 762 0 1370 1080
3064 767 0 1375 1080
3065 777 0 1385 1080
3066 791 0 1399 1080
3067 807 0 1415 1080
3068 821 0 1429 1080
3069 830 0 1438 1080
3070 835 0 1443 1080
3071 834 0 1442 1080
3072 830 0 1438 1080
3073 823 0 1431 1080
3074 817 0 1425 1080
3075 816 0 1424 1080
3076 816 0 1424 1080
3077 824 0 1432 1080
3078 854 0 1462 1080
3079 880 0 1488 1080
3080 896 0 1504 1080
3081 902 0 1510 1080
3082 910 0 1518 1080
3083 927 0 1535 1080
3084 949 0 1557 1080
3085 962 0 1570 1080
3086 973 0 1581 1080
3087 983 0 1591 1080
3088 991 0 1599 1080
3089 997 0 1605 1080
3090 1003 0 1611 1080
3091 1010 0 1618 1080
3092 1019 0 1627 1080
3093 1032 0 1640 1080
3094 1048 0 1656 1080
3095 1066 0 1674 1080
3096 1085 0 1693 1080
3097 1102 0 1710 1080
3098 1117 0 1725 1080
3099 1127 0 1735 1080
3100 1134 0 1742 1080
3101 1139 0 1747 1080
3102 1142 0 1750 1080
3103 1144 0 1752 1080
3104 1147 0 1755 1080
3105 1151 0 1759 1080
3106 1157 0 1765 1080
3107 1164 0 1772 1080
3108 1174 0 1782 1080
3109 1187 0 1795 1080
3110 1202 0 1810 1080
3111 1218 0 1826 1080
3112 1223 0 1831 1080
3113 1245 0 1853 1080
3114 1263 0 1871 1080
3115 1294 0 1902 1080
3116 1312 0 1920 1080
3117 1312 0 1920 1080
3118 1312 0 1920 1080
3119 1312 0 1920 1080
3120 1312 0 1920 1080
3121 1312 0 1920 1080
3122 1312 0 1920 1080
3123 1312 0 1920 1080
3124 1312 0 1920 1080
3125 1312 0 1920 1080
3126 1312 0 1920 1080
3127 1312 0 1920 1080
3128 1312 0 1920 1080
3129 1312 0 1920 1080
3130 1312 0 1920 1080
3131 1312 0 1920 1080
3132 1312 0 1920 1080
3133 1312 0 1920 1080
3134 1312 0 1920 1080
3135 1312 0 1920 1080
3136 1312 0 1920 1080
3137 1312 0 1920 1080
3138 1312 0 1920 1080
3139 1312 0 1920 1080
3140 1312 0 1920 1080
3141 1312 0 1920 1080
3142 1312 0 1920 1080
3143 1312 0 1920 1080
3144 1312 0 1920 1080
3145 1312 0 1920 1080
3146 1312 0 1920 1080
3147 1312 0 1920 1080
3148 1312 0 1920 1080
3149 1312 0 1920 1080
3150 1312 0 1920 1080
3151 1312 0 1920 1080
3152 1312 0 1920 1080
3153 1312 0 1920 1080
3154 1312 0 1920 1080
3155 1312 0 1920 1080
3156 1312 0 1920 1080
3157 1312 0 1920 1080
3158 1312 0 1920 1080
3159 1312 0 1920 1080
3160 1312 0 1920 1080
3161 1312 0 1920 1080
3162 1312 0 1920 1080
3163 1312 0 1920 1080
3164 1312 0 1920 1080
3165 1312 0 1920 1080
3166 1312 0 1920 1080
3167 1312 0 1920 1080
3168 1312 0 1920 1080
3169 1312 0 1920 1080
3170 1312 0 1920 1080
3171 1312 0 1920 1080
3172 1312 0 1920 1080
3173 1312 0 1920 1080
3174 1312 0 1920 1080
3175 1312 0 1920 1080
3176 1312 0 1920 1080
3177 1307 0 1915 1080
3178 1302 0 1910 1080
3179 1301 0 1909 1080
3180 1303 0 1911 1080
3181 1307 0 1915 1080
3182 1311 0 1919 1080
3183 1312 0 1920 1080
3184 1312 0 1920 1080
3185 1312 0 1920 1080
3186 1312 0 1920 1080
3187 1306 0 1914 1080
3188 1297 0 1905 1080
3189 1288 0 1896 1080
3190 1279 0 1887 1080
3191 1272 0 1880 1080
3192 1268 0 1876 1080
3193 1265 0 1873 1080
3194 1262 0 1870 1080
3195 1259 0 1867 1080
3196 1256 0 1864 1080
3197 1251 0 1859 1080
3198 1247 0 1855 1080
3199 1243 0 1851 1080
3200 1239 0 1847 1080
3201 1237 0 1845 1080
3202 1236 0 1844 1080
3203 1236 0 1844 1080
3204 1237 0 1845 1080
3205 1240 0 1848 1080
3206 1243 0 1851 1080
3207 1247 0 1855 1080
3208 1250 0 1858 1080
3209 1251 0 1859 1080
3210 1250 0 1858 1080
3211 1248 0 1856 1080
3212 1243 0 1851 1080
3213 1238 0 1846 1080
3214 1233 0 1841 1080
3215 1231 0 1839 1080
3216 1232 0 1840 1080
3217 1243 0 1851 1080
3218 1252 0 1860 1080
3219 1259 0 1867 1080
3220 1261 0 1869 1080
3221 1259 0 1867 1080
3222 1254 0 1862 1080
3223 1245 0 1853 1080
3224 1235 0 1843 1080
3225 1217 0 1825 1080
3226 1209 0 1817 1080
3227 1199 0 1807 1080
3228 1193 0 1801 1080
3229 1191 0 1799 1080
3230 1192 0 1800 1080
3231 1193 0 1801 1080
3232 1196 0 1804 1080
3233 1201 0 1809 1080
3234 1208 0 1816 1080
3235 1216 0 1824 1080
3236 1225 0 1833 1080
3237 1234 0 1842 1080
3238 1242 0 1850 1080
3239 1250 0 1858 1080
3240 1256 0 1864 1080
3241 1260 0 1868 1080
3242 1263 0 1871 1080
3243 1265 0 1873 1080
3244 1283 0 1891 1080
3245 1309 0 1917 1080
3246 1312 0 1920 1080
3247 1312 0 1920 1080
3248 1312 0 1920 1080
3249 1312 0 1920 1080
3250 1312 0 1920 1080
3251 1312 0 1920 1080
3252 1312 0 1920 1080
3253 1312 0 1920 1080
3254 1312 0 1920 1080
3255 1312 0 1920 1080
3256 1312 0 1920 1080
3257 1312 0 1920 1080
3258 1312 0 1920 1080
3259 1312 0 1920 1080
3260 1312 0 1920 1080
3261 1312 0 1920 1080
3262 1312 0 1920 1080
3263 1312 0 1920 1080
3264 1307 0 1915 1080
3265 1292 0 1900 1080
3266 1285 0 1893 1080
3267 1285 0 1893 1080
3268 1288 0 1896 1080
3269 1292 0 1900 1080
3270 1298 0 1906 1080
3271 1303 0 1911 1080
3272 1267 0 1875 1080
3273 1202 0 1810 1080
3274 1125 0 1733 1080
3275 1052 0 1660 1080
3276 995 0 1603 1080
3277 970 0 1578 1080
3278 974 0 1582 1080
3279 1000 0 1608 1080
3280 1037 0 1645 1080
3281 1075 0 1683 1080
3282 1105 0 1713 1080
3283 1169 0 1777 1080
3284 1245 0 1853 1080
3285 1269 0 1877 1080
3286 1245 0 1853 1080
3287 1187 0 1795 1080
3288 1113 0 1721 1080
3289 1038 0 1646 1080
3290 978 0 1586 1080
3291 940 0 1548 1080
3292 926 0 1534 1080
3293 926 0 1534 1080
3294 938 0 1546 1080
3295 960 0 1568 1080
3296 993 0 1601 1080
3297 1027 0 1635 1080
3298 1056 0 1664 1080
3299 1073 0 1681 1080
3300 1082 0 1690 1080
3301 1078 0 1686 1080
3302 1073 0 1681 1080
3303 1068 0 1676 1080
3304 1064 0 1672 1080
3305 1062 0 1670 1080
3306 1071 0 1679 1080
3307 1090 0 1698 1080
3308 1115 0 1723 1080
3309 1154 0 1762 1080
3310 1185 0 1793 1080
3311 1204 0 1812 1080
3312 1217 0 1825 1080
3313 1216 0 1824 1080
3314 1204 0 1812 1080
3315 1186 0 1794 1080
3316 1167 0 1775 1080
3317 1150 0 1758 1080
3318 1140 0 1748 1080
3319 1136 0 1744 1080
3320 1139 0 1747 1080
3321 1146 0 1754 1080
3322 1156 0 1764 1080
3323 1155 0 1763 1080
3324 1158 0 1766 1080
3325 1166 0 1774 1080
3326 1177 0 1785 1080
3327 1187 0 1795 1080
3328 1196 0 1804 1080
3329 1204 0 1812 1080
3330 1208 0 1816 1080
3331 1206 0 1814 1080
3332 1195 0 1803 1080
3333 1172 0 1780 1080
3334 1145 0 1753 1080
3335 1118 0 1726 1080
3336 1094 0 1702 1080
3337 1076 0 1684 1080
3338 1063 0 1671 1080
3339 1056 0 1664 1080
3340 1087 0 1695 1080
3341 1107 0 1715 1080
3342 1114 0 1722 1080
3343 1108 0 1716 1080
3344 1037 0 1645 1080
3345 957 0 1565 1080
3346 877 0 1485 1080
3347 797 0 1405 1080
